t,tau,x,y,z,E,T,IL,s_1,s_2,Fitness
0.0,0.0,1.0,1.0,1.0,100000.0,100000.0,100.0,0.0,0.0,
2.001000500250125,0.36018009004502255,1.0063049699689446,0.4330512155917965,492.7470196868213,100630.49699689446,43305.12155917965,49274.70196868213,0.0,0.0,
4.00200100050025,0.7203601800900451,0.9716228753171218,0.1272122085139208,453.5583295823674,97162.28753171218,12721.22085139208,45355.83295823674,0.0,0.0,
6.003001500750376,1.0805402701350675,0.9217160800392656,0.03092874357150784,355.1261354117754,92171.60800392657,3092.874357150784,35512.61354117754,0.0,0.0,
8.0040020010005,1.4407203601800902,0.8698202285876905,0.007605310663284563,195.83988515925793,86982.02285876905,760.5310663284563,19583.988515925794,0.0,0.0,
10.005002501250626,1.8009004502251127,0.8196530659652513,0.002026255954774913,73.11522074019548,81965.30659652513,202.6255954774913,7311.522074019548,0.0,0.0,
12.006003001500751,2.161080540270135,0.7720443299500322,0.0005922496221424497,22.933837385819988,77204.43299500323,59.224962214244975,2293.383738581999,0.0,0.0,
14.007003501750876,2.5212606303151577,0.7271063945838763,0.00018964951782720376,7.174238929417201,72710.63945838762,18.964951782720377,717.42389294172,0.0,0.0,
16.008004002001,2.8814407203601804,0.6847567771040259,6.624599404020521e-05,2.3801392039342155,68475.6777104026,6.624599404020521,238.01392039342156,0.0,0.0,
18.009004502251127,3.2416208104052027,0.6448653231612711,2.512146291125714e-05,0.8501043840720682,64486.53231612711,2.5121462911257137,85.01043840720682,0.0,0.0,
20.010005002501252,3.6018009004502254,0.607294982028257,1.0293498692909257e-05,0.3272504348460834,60729.49820282571,1.0293498692909258,32.72504348460834,0.0,0.0,
22.011005502751377,3.9619809904952477,0.5719125013525539,4.536961546318644e-06,0.135413463194107,57191.25013525539,0.45369615463186436,13.5413463194107,0.0,0.0,
24.012006003001503,4.32216108054027,0.5385910958232922,2.141947597352326e-06,0.06001095120488875,53859.10958232922,0.21419475973523258,6.001095120488875,0.0,0.0,
26.013006503251628,4.682341170585293,0.5072109354777885,1.0788396857600916e-06,0.02837498683641887,50721.09354777885,0.10788396857600915,2.837498683641887,0.0,0.0,
28.014007003501753,5.042521260630315,0.47765901806231204,5.775271240427288e-07,0.01426164617698174,47765.9018062312,0.05775271240427288,1.426164617698174,0.0,0.0,
30.015007503751878,5.402701350675338,0.44982886655852433,3.274261736228724e-07,0.007592752427887012,44982.88665585243,0.032742617362287244,0.7592752427887012,0.0,0.0,
32.016008004002,5.762881440720361,0.4236201839102137,1.9594210961020475e-07,0.004267495409278807,42362.018391021375,0.019594210961020476,0.42674954092788064,0.0,0.0,
34.01700850425213,6.1230615307653835,0.39893850653380786,1.2338090359781455e-07,0.0025241869245884938,39893.85065338079,0.012338090359781454,0.2524186924588494,0.0,0.0,
36.018009004502254,6.483241620810405,0.37569487002520807,8.15053190771216e-08,0.0015665823601705429,37569.48700252081,0.00815053190771216,0.15665823601705428,0.0,0.0,
38.019009504752376,6.843421710855427,0.3538054911796216,5.632859036107166e-08,0.0010173069397973406,35380.54911796216,0.0056328590361071655,0.10173069397973405,0.0,0.0,
40.020010005002504,7.203601800900451,0.33319146721872567,4.061949225074478e-08,0.0006894010437480262,33319.14672187257,0.004061949225074478,0.06894010437480262,0.0,0.0,
42.02101050525263,7.5637818909454735,0.31377849196460406,3.048786925465738e-08,0.0004863329384497786,31377.849196460407,0.0030487869254657383,0.04863329384497786,0.0,0.0,
44.022011005502755,7.923961980990495,0.29549658828613756,2.376258066169378e-08,0.00035630407068109915,29549.658828613756,0.002376258066169378,0.035630407068109916,0.0,0.0,
46.023011505752876,8.284142071035518,0.2782798560078762,1.9190225440543524e-08,0.0002705054801053258,27827.98560078762,0.0019190225440543524,0.027050548010532582,0.0,0.0,
48.024012006003005,8.64432216108054,0.2620662344440274,1.6024632142284662e-08,0.0002123726733162476,26206.62344440274,0.0016024632142284663,0.02123726733162476,0.0,0.0,
50.025012506253134,9.004502251125563,0.24679727873583873,1.3809294857586894e-08,0.00017208375416538182,24679.727873583874,0.0013809294857586895,0.017208375416538184,0.0,0.0,
52.026013006503256,9.364682341170585,0.2324179492032154,1.2258394593338162e-08,0.00014364767380195607,23241.79492032154,0.0012258394593338163,0.014364767380195608,0.0,0.0,
54.02701350675338,9.724862431215607,0.2188764129600546,1.1189842991079023e-08,0.00012331756680324804,21887.641296005462,0.0011189842991079022,0.012331756680324804,0.0,0.0,
56.028014007003506,10.08504252126063,0.20612385708287478,1.0486632540428405e-08,0.00010869428097086783,20612.38570828748,0.0010486632540428404,0.010869428097086783,0.0,0.0,
58.029014507253635,10.445222611305654,0.19411431266184537,1.007405461129096e-08,9.821524337995116e-05,19411.431266184536,0.001007405461129096,0.009821524337995116,0.0,0.0,
60.030015007503756,10.805402701350676,0.18280448910143393,9.906084965473114e-09,9.084756406714178e-05,18280.448910143394,0.0009906084965473113,0.009084756406714179,0.0,0.0,
62.03101550775388,11.165582791395698,0.17215361807422655,9.957243126460273e-09,8.590382363854007e-05,17215.361807422654,0.0009957243126460273,0.008590382363854007,0.0,0.0,
64.032016008004,11.525762881440722,0.16212330656593443,1.0217854006323246e-08,8.293170611216347e-05,16212.330656593444,0.0010217854006323245,0.008293170611216347,0.0,0.0,
66.03301650825414,11.885942971485743,0.152677398482182,1.0691542838753507e-08,8.1642712853099e-05,15267.739848218202,0.0010691542838753506,0.0081642712853099,0.0,0.0,
68.03401700850426,12.246123061530767,0.1437818443184197,1.139431590247754e-08,8.186700990583679e-05,14378.18443184197,0.001139431590247754,0.00818670099058368,0.0,0.0,
70.03501750875438,12.606303151575787,0.13540457842331438,1.2354896781952741e-08,8.352662754862946e-05,13540.457842331438,0.001235489678195274,0.008352662754862947,0.0,0.0,
72.03601800900451,12.96648324162081,0.12751540341330483,1.3616196957665145e-08,8.662180047482927e-05,12751.540341330483,0.0013616196957665146,0.008662180047482926,0.0,0.0,
74.03701850925464,13.326663331665834,0.12008588132177923,1.52379548996798e-08,9.122278210136878e-05,12008.588132177923,0.00152379548996798,0.009122278210136878,0.0,0.0,
76.03801900950475,13.686843421710854,0.1130892310906048,1.730071302898362e-08,9.746881495061785e-05,11308.92310906048,0.001730071302898362,0.009746881495061786,0.0,0.0,
78.03901950975488,14.047023511755878,0.10650023203461872,1.9911440171689525e-08,0.00010557208375073593,10650.023203461873,0.0019911440171689527,0.010557208375073594,0.0,0.0,
80.04002001000501,14.407203601800902,0.1002951329312463,2.3211267736650592e-08,0.00011582602969485012,10029.51329312463,0.0023211267736650593,0.011582602969485012,0.0,0.0,
82.04102051025514,14.767383691845923,0.09445156640772802,2.7386010116736064e-08,0.0001286211260859308,9445.156640772802,0.0027386010116736063,0.01286211260859308,0.0,0.0,
84.04202101050527,15.127563781890947,0.08894846831759487,3.26804062499849e-08,0.00014446452405687238,8894.846831759487,0.0032680406249984903,0.014446452405687238,0.0,0.0,
86.04302151075538,15.487743871935969,0.08376600181609839,3.94173785993132e-08,0.00016400820268276043,8376.60018160984,0.0039417378599313204,0.016400820268276044,0.0,0.0,
88.04402201100551,15.84792396198099,0.07888548586135496,4.802409645758076e-08,0.00018808572525047976,7888.548586135496,0.004802409645758076,0.018808572525047976,0.0,0.0,
90.04502251125564,16.208104052026016,0.07428932788407892,5.906730510388602e-08,0.00021775810892329426,7428.932788407892,0.005906730510388602,0.021775810892329425,0.0,0.0,
92.04602301150575,16.568284142071036,0.06996096038402566,7.330131383855636e-08,0.00025437847179936274,6996.096038402566,0.007330131383855636,0.025437847179936274,0.0,0.0,
94.04702351175588,16.92846423211606,0.06588478122572611,9.173332586817172e-08,0.00029967327310665093,6588.478122572611,0.009173332586817172,0.029967327310665093,0.0,0.0,
96.04802401200601,17.28864432216108,0.06204609741985402,1.1571258332341415e-07,0.00035584799140089834,6204.609741985402,0.011571258332341416,0.035584799140089836,0.0,0.0,
98.04902451225614,17.648824412206103,0.05843107218971607,1.470522901265054e-07,0.0004257236225677102,5843.107218971607,0.01470522901265054,0.04257236225677102,0.0,0.0,
100.05002501250627,18.009004502251127,0.05502667513501406,1.8819674276015285e-07,0.0005129187898631221,5502.667513501406,0.018819674276015285,0.051291878986312205,0.0,0.0,
102.05102551275638,18.369184592296147,0.05182063531732271,2.4245093575726604e-07,0.0006220846707279924,5182.06353173227,0.024245093575726604,0.06220846707279924,0.0,0.0,
104.05202601300651,18.72936468234117,0.04880139710383605,3.142966654463806e-07,0.0007592093227072604,4880.139710383604,0.03142966654463806,0.07592093227072604,0.0,0.0,
106.05302651325664,19.089544772386194,0.045958078618075375,4.098286070224196e-07,0.0009320239200925512,4595.807861807538,0.04098286070224196,0.09320239200925512,0.0,0.0,
108.05402701350675,19.449724862431214,0.04328043265871577,5.373570780895281e-07,0.001150526673522119,4328.043265871577,0.05373570780895281,0.1150526673522119,0.0,0.0,
110.05502751375688,19.809904952476238,0.04075880996087507,7.082427659925266e-07,0.0014276762380211233,4075.880996087507,0.07082427659925265,0.14276762380211233,0.0,0.0,
112.05602801400701,20.17008504252126,0.038384124688656915,9.380547594713337e-07,0.0017803027267495825,3838.4124688656916,0.09380547594713337,0.17803027267495825,0.0,0.0,
114.05702851425714,20.530265132566285,0.03614782206419719,1.2481798568916377e-06,0.0022303019879376,3614.7822064197194,0.12481798568916376,0.22303019879376,0.0,0.0,
116.05802901450727,20.89044522261131,0.03404184805797429,1.6680626626604573e-06,0.0028062169374085512,3404.1848057974294,0.16680626626604572,0.2806216937408551,0.0,0.0,
118.05902951475738,21.25062531265633,0.03205862108916308,2.2383285688385606e-06,0.0035453129634483342,3205.862108916308,0.22383285688385607,0.35453129634483344,0.0,0.0,
120.06003001500751,21.610805402701352,0.030191005715388713,3.0151440399453217e-06,0.004496327280370794,3019.1005715388715,0.30151440399453217,0.4496327280370794,0.0,0.0,
122.06103051525764,21.970985492746376,0.02843228833125172,4.0763129838936e-06,0.005723088217485013,2843.228833125172,0.40763129838935996,0.5723088217485013,0.0,0.0,
124.06203101550776,22.331165582791396,0.026776154948516918,5.529811844734296e-06,0.0073093065633790325,2677.615494851692,0.5529811844734296,0.7309306563379032,0.0,0.0,
126.06303151575788,22.69134567283642,0.025216671203635035,7.525754127190173e-06,0.009364892732382184,2521.6671203635037,0.7525754127190173,0.9364892732382184,0.0,0.0,
128.064032016008,23.051525762881443,0.023748264838430743,1.0273182442734285e-05,0.012034308329827454,2374.826483843074,1.0273182442734285,1.2034308329827454,0.0,0.0,
130.06503251625813,23.411705852926463,0.022365711038861986,1.4063662631844323e-05,0.015507567335370249,2236.5711038861987,1.4063662631844323,1.550756733537025,0.0,0.0,
132.06603301650827,23.771885942971487,0.021064121211057784,1.930447070913576e-05,0.020034734255709497,2106.4121211057786,1.930447070913576,2.0034734255709497,0.0,0.0,
134.06703351675839,24.132066033016507,0.019838936046517073,2.6565319544033626e-05,0.025944936213647976,1983.8936046517074,2.6565319544033628,2.5944936213647978,0.0,0.0,
136.06803401700853,24.492246123061534,0.01868592411222023,3.6644210553103486e-05,0.03367122378372226,1868.592411222023,3.6644210553103487,3.367122378372226,0.0,0.0,
138.06903451725864,24.852426213106554,0.01760118774301708,5.066031790772461e-05,0.043782846454126244,1760.1187743017078,5.0660317907724615,4.3782846454126245,0.0,0.0,
140.07003501750876,25.212606303151574,0.016581178779007704,7.018510452637793e-05,0.0570267422001952,1658.1178779007705,7.018510452637793,5.70267422001952,0.0,0.0,
142.0710355177589,25.5727863931966,0.015622727773256668,9.74275344611335e-05,0.0743801670680186,1562.2727773256668,9.74275344611335,7.43801670680186,0.0,0.0,
144.07203601800902,25.93296648324162,0.014723091827471002,0.000135495855255878,0.09711605824588111,1472.3091827471003,13.5495855255878,9.711605824588112,0.0,0.0,
146.07303651825913,26.29314657328664,0.01388002838232631,0.00018876777779966013,0.12688175225091824,1388.0028382326311,18.876777779966012,12.688175225091825,0.0,0.0,
148.07403701850927,26.65332666333167,0.013091905358640596,0.0002634141005075648,0.16578935404844436,1309.1905358640595,26.34141005075648,16.578935404844437,0.0,0.0,
150.0750375187594,27.01350675337669,0.012357862385749194,0.0003681394631389446,0.21651156540155136,1235.7862385749195,36.81394631389446,21.651156540155135,0.0,0.0,
152.0760380190095,27.37368684342171,0.011678043980806019,0.0005152301020628673,0.2823695475841728,1167.804398080602,51.52301020628673,28.236954758417284,0.0,0.0,
154.07703851925964,27.733866933466736,0.01105393417184327,0.0007220350762572109,0.36738917928233905,1105.393417184327,72.20350762572109,36.7389179282339,0.0,0.0,
156.07803901950976,28.094047023511756,0.010488834163461249,0.0010130581802673044,0.4762924567028216,1048.883416346125,101.30581802673044,47.62924567028216,0.0,0.0,
158.0790395197599,28.454227113556783,0.009988541530957625,0.0014229073036480823,0.6143919047752814,998.8541530957625,142.29073036480824,61.439190477528136,0.0,0.0,
160.08004002001002,28.814407203601803,0.009562312784028991,0.002000441607542315,0.7873906295344573,956.2312784028991,200.0441607542315,78.73906295344572,0.0,0.0,
162.08104052026013,29.174587293646823,0.009224223030967031,0.0028145794202116287,1.0011934061338112,922.4223030967031,281.45794202116286,100.11934061338113,0.0,0.0,
164.08204102051027,29.534767383691847,0.00899507917548156,0.003962382939210917,1.262030177018801,899.5079175481559,396.23829392109167,126.2030177018801,0.0,0.0,
166.0830415207604,29.89494747373687,0.008905098534737721,0.0055802122201102445,1.5774363650388938,890.5098534737722,558.0212220110244,157.74363650388938,0.0,0.0,
168.08404202101053,30.255127563781894,0.008997633252980983,0.007858911388043005,1.958748515559709,899.7633252980983,785.8911388043006,195.8748515559709,0.0,0.0,
170.08504252126065,30.615307653826914,0.009334298114869185,0.011064079708693348,2.4255097518564663,933.4298114869185,1106.4079708693348,242.55097518564662,0.0,0.0,
172.08604302151076,30.975487743871938,0.01000193077902109,0.015562326273711383,3.0115105081258426,1000.1930779021089,1556.2326273711383,301.1510508125843,0.0,0.0,
174.0870435217609,31.33566783391696,0.011121843877486975,0.021853692511257093,3.7715746982402205,1112.1843877486974,2185.3692511257095,377.15746982402203,0.0,0.0,
176.08804402201102,31.69584792396198,0.012861745320616723,0.03060859764427708,4.78824367978197,1286.1745320616724,3060.859764427708,478.82436797819696,0.0,0.0,
178.08904452226113,32.056028014007005,0.015450374230903077,0.04270388111612126,6.17819058440681,1545.0374230903078,4270.388111612126,617.819058440681,0.0,0.0,
180.09004502251128,32.41620810405203,0.019194114933137354,0.05924580675800971,8.098690083864925,1919.4114933137355,5924.580675800971,809.8690083864925,0.0,0.0,
182.0910455227614,32.77638819409705,0.024493338802146405,0.08155779776781114,10.753979643526108,2449.3338802146404,8155.7797767811135,1075.3979643526109,0.0,0.0,
184.0920460230115,33.13656828414207,0.0318537660188299,0.11109880692174366,14.399822647243662,3185.37660188299,11109.880692174365,1439.9822647243661,0.0,0.0,
186.09304652326165,33.49674837418709,0.041884865676909674,0.14927060976225992,19.342486560806037,4188.486567690968,14927.060976225992,1934.2486560806037,0.0,0.0,
188.09404702351176,33.85692846423212,0.05527415878566676,0.19708051913871777,25.926473143027366,5527.415878566676,19708.051913871775,2592.6473143027365,0.0,0.0,
190.0950475237619,34.21710855427714,0.07272532235413415,0.25466297402294896,34.50470787164463,7272.532235413415,25466.297402294895,3450.4707871644628,0.0,0.0,
192.09604802401202,34.57728864432216,0.09485195832025604,0.32073125116331835,45.386704350333105,9485.195832025604,32073.125116331834,4538.67043503331,0.0,0.0,
194.09704852426214,34.93746873436718,0.12202954407775929,0.39210808314947315,58.76550204118477,12202.95440777593,39210.80831494732,5876.550204118476,0.0,0.0,
196.09804902451228,35.29764882441221,0.15422415135678896,0.46353162768708195,74.63205860181044,15422.415135678897,46353.16276870819,7463.205860181044,0.0,0.0,
198.0990495247624,35.65782891445723,0.19083329358452533,0.5279188084243258,92.69431964222403,19083.329358452535,52791.88084243258,9269.431964222404,0.0,0.0,
200.10005002501254,36.018009004502254,0.23058563684532285,0.5771884875227498,112.3239892772164,23058.563684532284,57718.84875227498,11232.39892772164,0.0,0.0,
202.10105052526265,36.378189094547274,0.27154743905111683,0.6036209716249471,132.55477249715244,27154.74390511168,60362.09716249471,13255.477249715244,0.0,0.0,
204.10205102551276,36.738369184592294,0.31127168573957853,0.601574835346547,152.1502537842635,31127.168573957853,60157.4835346547,15215.02537842635,0.0,0.0,
206.1030515257629,37.09854927463732,0.3470993614041544,0.569203762213732,169.7462881679371,34709.93614041544,56920.376221373204,16974.62881679371,0.0,0.0,
208.10405202601302,37.45872936468234,0.37658045175179955,0.5096330142782365,184.0523076483492,37658.045175179956,50963.30142782365,18405.23076483492,0.0,0.0,
210.10505252626314,37.81890945472736,0.3979284519599172,0.4309464939151221,194.0696776050364,39792.84519599172,43094.649391512205,19406.967760503638,0.0,0.0,
212.10605302651328,38.17908954477239,0.41037207547012705,0.34450129710166905,199.2615157409008,41037.2075470127,34450.129710166904,19926.15157409008,0.0,0.0,
214.1070535267634,38.53926963481741,0.4142589876816468,0.2617835949939946,199.6067909377024,41425.89876816468,26178.359499399463,19960.679093770243,0.0,0.0,
216.1080540270135,38.89944972486243,0.4108446498544299,0.1911159833793142,195.51326435353394,41084.464985442995,19111.59833793142,19551.326435353396,0.0,0.0,
218.10905452726365,39.259629814907456,0.40185569968483315,0.1360078304558767,187.64174622247293,40185.569968483316,13600.78304558767,18764.174622247294,0.0,0.0,
220.11005502751377,39.619809904952476,0.38903705647345993,0.09583317743671858,176.74603281946293,38903.705647345996,9583.317743671858,17674.603281946293,0.0,0.0,
222.1110555277639,39.9799899949975,0.3738589154419491,0.0677899133932984,163.59957310043833,37385.89154419491,6778.99133932984,16359.957310043834,0.0,0.0,
224.11205602801402,40.34017008504252,0.3574197328044016,0.04865208263252763,148.9933273519496,35741.97328044016,4865.208263252763,14899.332735194961,0.0,0.0,
226.11305652826414,40.70035017508754,0.34047748944938916,0.03568032209919103,133.7366789436053,34047.74894493892,3568.032209919103,13373.667894360531,0.0,0.0,
228.11405702851428,41.06053026513257,0.3235285228769882,0.026855112389699058,118.61289266840896,32352.852287698817,2685.5112389699057,11861.289266840897,0.0,0.0,
230.1150575287644,41.42071035517759,0.30688597784629806,0.020791675518098275,104.29658565215443,30688.597784629805,2079.1675518098277,10429.658565215443,0.0,0.0,
232.11605802901454,41.78089044522262,0.2907409184944337,0.016573461737490927,91.27803504153876,29074.091849443368,1657.3461737490927,9127.803504153875,0.0,0.0,
234.11705852926465,42.14107053526764,0.27520502151747583,0.013602259941506836,79.83257720057452,27520.502151747583,1360.2259941506836,7983.257720057452,0.0,0.0,
236.11805902951477,42.50125062531266,0.2603388931530756,0.011488307283836574,70.04114993762606,26033.889315307562,1148.8307283836573,7004.114993762606,0.0,0.0,
238.1190595297649,42.861430715357685,0.24617043775802688,0.009976441457321576,61.842192091123344,24617.04377580269,997.6441457321575,6184.219209112334,0.0,0.0,
240.12006003001503,43.221610805402705,0.23270670701753715,0.00889841280169501,55.08984348007418,23270.670701753716,889.841280169501,5508.984348007418,0.0,0.0,
242.12106053026514,43.581790895447725,0.2199415749032034,0.00814260222197563,49.60192193321059,21994.15749032034,814.2602221975629,4960.192193321059,0.0,0.0,
244.12206103051528,43.94197098549275,0.2078607583660671,0.007634888852953148,45.192241249101706,20786.07583660671,763.4888852953147,4519.224124910171,0.0,0.0,
246.1230615307654,44.30215107553777,0.19644514832507703,0.007326562936054708,41.688621530740704,19644.514832507703,732.6562936054708,4168.86215307407,0.0,0.0,
248.1240620310155,44.66233116558279,0.18567306086500146,0.0071866937735515874,38.94067507752288,18567.306086500146,718.6693773551588,3894.0675077522883,0.0,0.0,
250.12506253126566,45.02251125562782,0.17552179709085802,0.007197347481394966,36.82129806808911,17552.1797090858,719.7347481394967,3682.1298068089113,0.0,0.0,
252.12606303151577,45.38269134567284,0.16596876284420684,0.007350668659346218,35.224847919723636,16596.876284420683,735.0668659346218,3522.484791972364,0.0,0.0,
254.1270635317659,45.74287143571786,0.15699231462373103,0.007647225587699065,34.063829080924236,15699.231462373104,764.7225587699065,3406.382908092424,0.0,0.0,
256.128064032016,46.103051525762886,0.14857244574696615,0.008095259469316553,33.26527653375737,14857.244574696615,809.5259469316553,3326.5276533757374,0.0,0.0,
258.12906453226617,46.463231615807906,0.14069139493563862,0.008710631175956768,32.7673440530347,14069.139493563862,871.0631175956768,3276.73440530347,0.0,0.0,
260.13006503251626,46.823411705852926,0.13333424071844877,0.009517358570334799,32.51643738227667,13333.424071844876,951.7358570334799,3251.643738227667,0.0,0.0,
262.1310655327664,47.183591795897954,0.1264895347947298,0.01054870434530771,32.465091049124425,12648.953479472979,1054.870434530771,3246.5091049124426,0.0,0.0,
264.13206603301654,47.543771885942974,0.1201500229192554,0.011848819969747482,32.57069483085063,12015.00229192554,1184.8819969747483,3257.0694830850625,0.0,0.0,
266.13306653326663,47.903951975987994,0.11431350097582253,0.013474980978039213,32.795188353250786,11431.350097582254,1347.4980978039214,3279.5188353250787,0.0,0.0,
268.13406703351677,48.264132066033014,0.10898385507044552,0.015500462563472997,33.105728428576505,10898.385507044552,1550.0462563472997,3310.5728428576504,0.0,0.0,
270.1350675337669,48.62431215607804,0.10417233591721882,0.018018097109684852,33.476286144028116,10417.233591721882,1801.8097109684852,3347.6286144028118,0.0,0.0,
272.13606803401706,48.98449224612307,0.0998991170941567,0.021144515565431732,33.889952371048324,9989.91170941567,2114.451556543173,3388.9952371048325,0.0,0.0,
274.13706853426714,49.34467233616808,0.09619518024252878,0.02502498312870252,34.34161147616429,9619.518024252879,2502.498312870252,3434.161147616429,0.0,0.0,
276.1380690345173,49.70485242621311,0.09310455230859596,0.029838567446944794,34.84057029494141,9310.455230859596,2983.8567446944794,3484.057029494141,0.0,0.0,
278.13906953476743,50.065032516258135,0.09068688199337598,0.03580308496033419,35.41271638256631,9068.688199337597,3580.3084960334195,3541.271638256631,0.0,0.0,
280.1400700350175,50.42521260630315,0.08902027269604419,0.043178811802100425,36.10190605475546,8902.02726960442,4317.881180210043,3610.190605475546,0.0,0.0,
282.14107053526766,50.785392696348175,0.08820417200145353,0.05226927971215466,36.970451778492325,8820.417200145353,5226.927971215467,3697.0451778492325,0.0,0.0,
284.1420710355178,51.1455727863932,0.08836193634294369,0.0634166010564084,38.098697261633674,8836.193634294368,6341.66010564084,3809.8697261633674,0.0,0.0,
286.1430715357679,51.505752876438216,0.08964243140090411,0.07698776859565508,39.583693454914645,8964.243140090412,7698.776859565508,3958.3693454914646,0.0,0.0,
288.14407203601803,51.86593296648324,0.09221969775505448,0.09334751656917895,41.53690233093207,9221.969775505448,9334.751656917895,4153.690233093207,0.0,0.0,
290.1450725362682,52.22611305652827,0.09628934607451936,0.11281312771269893,44.08052578435631,9628.934607451936,11281.312771269893,4408.052578435631,0.0,0.0,
292.14607303651826,52.58629314657328,0.10206004373456483,0.13558781769888806,47.341888417106595,10206.004373456482,13558.781769888807,4734.188841710659,0.0,0.0,
294.1470735367684,52.94647323661831,0.10973838656857433,0.16167292834187533,51.445041337486664,10973.838656857433,16167.292834187532,5144.504133748666,0.0,0.0,
296.14807403701855,53.30665332666334,0.11950584899426249,0.19076568747794678,56.49887550659999,11950.584899426249,19076.568747794678,5649.887550659999,0.0,0.0,
298.14907453726863,53.66683341670835,0.13148760426430098,0.22215831050906815,62.58152577182565,13148.760426430097,22215.831050906814,6258.152577182565,0.0,0.0,
300.1500750375188,54.02701350675338,0.14571491081072904,0.2546636906386754,69.72170420844074,14571.491081072903,25466.36906386754,6972.170420844074,0.0,0.0,
302.1510755377689,54.387193596798404,0.16208530845720903,0.2865992530700247,77.87891161058623,16208.530845720903,28659.92530700247,7787.891161058623,0.0,0.0,
304.152076038019,54.74737368684342,0.1803275402930099,0.31585957337063336,86.9258057238785,18032.75402930099,31585.957337063337,8692.58057238785,0.0,0.0,
306.15307653826915,55.107553776888444,0.19998008019534189,0.34009703411818853,96.63706041581918,19998.008019534187,34009.70341181885,9663.706041581918,0.0,0.0,
308.1540770385193,55.46773386693347,0.22039245184587575,0.3570076875496442,106.68928566640157,22039.245184587573,35700.76875496442,10668.928566640157,0.0,0.0,
310.15507753876943,55.8279139569785,0.24075638905957578,0.364689493516159,116.67557878637493,24075.638905957578,36468.9493516159,11667.557878637494,0.0,0.0,
312.1560780390195,56.18809404702351,0.2601689902673518,0.3620084383737313,126.13593123819858,26016.89902673518,36200.84383737313,12613.593123819857,0.0,0.0,
314.15707853926966,56.54827413706854,0.27772277966237674,0.3488841345823343,134.6013465197832,27772.277966237674,34888.41345823343,13460.134651978318,0.0,0.0,
316.1580790395198,56.908454227113566,0.2926093918466025,0.3264024393005013,141.64516750985374,29260.939184660252,32640.24393005013,14164.516750985373,0.0,0.0,
318.1590795397699,57.26863431715858,0.3042168948476873,0.29669042894748315,146.9324598455667,30421.689484768733,29669.042894748316,14693.245984556672,0.0,0.0,
320.16008004002003,57.628814407203606,0.31219869755986296,0.26255314746739666,150.2566075058966,31219.869755986296,26255.314746739667,15025.660750589659,0.0,0.0,
322.1610805402702,57.988994497248626,0.31649711918723344,0.22695716405909902,151.55518724661565,31649.711918723344,22695.7164059099,15155.518724661564,0.0,0.0,
324.16208104052026,58.349174587293646,0.31731693679447776,0.1925138389963686,150.90266060334991,31731.693679447777,19251.383899636858,15090.266060334992,0.0,0.0,
326.1630815407704,58.70935467733867,0.3150593139996671,0.16111913947422524,148.48462436470518,31505.931399966707,16111.913947422523,14848.462436470518,0.0,0.0,
328.16408204102055,59.06953476738369,0.31023741132788,0.13383374032377637,144.56273759143227,31023.741132788004,13383.374032377636,14456.273759143227,0.0,0.0,
330.16508254127064,59.42971485742871,0.3033964648592644,0.11098006303623413,139.43988068183646,30339.64648592644,11098.006303623413,13943.988068183646,0.0,0.0,
332.1660830415208,59.78989494747374,0.29505379337477355,0.09235927684706687,133.43144770780984,29505.379337477356,9235.927684706687,13343.144770780984,0.0,0.0,
334.1670835417709,60.15007503751876,0.28566358364703265,0.07748410328632123,126.84402235358785,28566.358364703265,7748.410328632123,12684.402235358784,0.0,0.0,
336.16808404202106,60.51025512756379,0.2756030932021803,0.06576260598404077,119.96008976526659,27560.309320218028,6576.2605984040765,11996.008976526658,0.0,0.0,
338.16908454227115,60.87043521760881,0.2651733683020661,0.056614214040090434,113.0271126263893,26517.336830206612,5661.421404009044,11302.71126263893,0.0,0.0,
340.1700850425213,61.23061530765383,0.2546077485189182,0.049527943498222274,106.25022935126637,25460.77485189182,4952.794349822228,10625.022935126637,0.0,0.0,
342.17108554277144,61.590795397698855,0.24408328645032332,0.044082119141568225,99.78862019215781,24408.328645032332,4408.211914156823,9978.862019215781,0.0,0.0,
344.1720860430215,61.950975487743875,0.23373222534483487,0.03994296042869105,93.75563369726251,23373.222534483488,3994.296042869105,9375.563369726251,0.0,0.0,
346.17308654327167,62.311155577788895,0.22365218622201816,0.036853877628675105,88.2224195455462,22365.218622201817,3685.3877628675104,8822.24195455462,0.0,0.0,
348.1740870435218,62.67133566783392,0.21391463396306606,0.03462224002807578,83.22403173422558,21391.463396306608,3462.2240028075785,8322.403173422557,0.0,0.0,
350.1750875437719,63.031515757878935,0.2045716624911835,0.03310689787239399,78.76682326750061,20457.16624911835,3310.689787239399,7876.682326750061,0.0,0.0,
352.17608804402204,63.39169584792396,0.19566133471859387,0.03220772792533346,74.83602318675517,19566.133471859386,3220.772792533346,7483.602318675517,0.0,0.0,
354.1770885442722,63.75187593796899,0.18721186261890738,0.03185745570970466,71.40265964657198,18721.186261890736,3185.7455709704664,7140.265964657197,0.0,0.0,
356.17808904452227,64.11205602801401,0.17924489581494754,0.03201556531266232,68.42943840685619,17924.489581494756,3201.5565312662325,6842.943840685619,0.0,0.0,
358.1790895447724,64.47223611805903,0.1717781459233832,0.032663959722283635,65.87539664454411,17177.81459233832,3266.3959722283635,6587.539664454411,0.0,0.0,
360.18009004502255,64.83241620810406,0.16482752863209765,0.033804018787041284,63.69950727025044,16482.752863209764,3380.4018787041286,6369.950727025044,0.0,0.0,
362.18109054527264,65.19259629814907,0.15840896399946633,0.03545473236956327,61.863417180968526,15840.896399946632,3545.473236956327,6186.341718096853,0.0,0.0,
364.1820910455228,65.5527763881941,0.1525399395560361,0.037651620662236394,60.333510821826515,15253.99395560361,3765.1620662236396,6033.351082182651,0.0,0.0,
366.1830915457729,65.91295647823912,0.14724090943074397,0.04044617166762969,59.08250236386308,14724.090943074398,4044.617166762969,5908.250236386308,0.0,0.0,
368.184092046023,66.27313656828414,0.1425365736470338,0.04390551769130443,58.09063885441008,14253.657364703378,4390.551769130443,5809.063885441008,0.0,0.0,
370.18509254627315,66.63331665832916,0.13845705215075313,0.04811203331815751,57.3466432734158,13845.705215075313,4811.203331815751,5734.66432734158,0.0,0.0,
372.1860930465233,66.99349674837418,0.13503893510409662,0.053162464733668736,56.848338092943024,13503.893510409662,5316.246473366874,5684.833809294302,0.0,0.0,
374.18709354677344,67.35367683841922,0.13232615171609394,0.05916609638888616,56.60295307414079,13232.615171609394,5916.609638888616,5660.29530741408,0.0,0.0,
376.1880940470235,67.71385692846424,0.13037055224226263,0.06624133518521934,56.62708280406643,13037.055224226262,6624.133518521934,5662.708280406643,0.0,0.0,
378.18909454727367,68.07403701850926,0.12923204114632225,0.07450996659006502,56.94620612656855,12923.204114632224,7450.996659006502,5694.620612656855,0.0,0.0,
380.1900950475238,68.43421710855428,0.1289780360483324,0.08408825286971519,57.5937117155661,12897.803604833241,8408.82528697152,5759.3711715566105,0.0,0.0,
382.1910955477739,68.7943971985993,0.1296819640708787,0.09507406778828019,58.60932811092169,12968.19640708787,9507.406778828019,5860.932811092169,0.0,0.0,
384.19209604802404,69.15457728864432,0.13142045856793047,0.10752948750415094,60.03688173737977,13142.045856793047,10752.948750415093,6003.688173737977,0.0,0.0,
386.1930965482742,69.51475737868935,0.13426890752846118,0.1214587912871846,61.92125903051469,13426.890752846119,12145.879128718461,6192.125903051469,0.0,0.0,
388.19409704852427,69.87493746873436,0.13829506080929863,0.1367827585409974,64.30446999142839,13829.506080929863,13678.275854099738,6430.44699914284,0.0,0.0,
390.1950975487744,70.2351175587794,0.14355056110008751,0.15331149958320617,67.2208003601724,14355.05611000875,15331.149958320617,6722.080036017241,0.0,0.0,
392.19609804902456,70.59529764882441,0.15006055127336715,0.17071970500842845,70.69113304449944,15006.055127336715,17071.970500842846,7069.113304449944,0.0,0.0,
394.19709854927464,70.95547773886943,0.1578119349450919,0.18852982120192818,74.7166890057668,15781.19349450919,18852.982120192817,7471.668900576679,0.0,0.0,
396.1980990495248,71.31565782891445,0.1667413945358262,0.2061097312385105,79.27274546310714,16674.139453582622,20610.97312385105,7927.274546310714,0.0,0.0,
398.1990995497749,71.67583791895949,0.1767248158529491,0.22269139504986116,84.30312063791996,17672.48158529491,22269.139504986117,8430.312063791996,0.0,0.0,
400.20010005002507,72.03601800900451,0.187570191415614,0.23741500356873646,89.71637879008973,18757.019141561403,23741.500356873647,8971.637879008973,0.0,0.0,
402.20110055027516,72.39619809904953,0.1990162057384024,0.24939927442583698,95.38490466636406,19901.62057384024,24939.9274425837,9538.490466636407,0.0,0.0,
404.2021010505253,72.75637818909455,0.21073838490443378,0.25783286845462405,101.14773420831462,21073.838490443377,25783.286845462404,10114.773420831461,0.0,0.0,
406.20310155077544,73.11655827913958,0.22236382920747927,0.2620755349416676,106.8177769622033,22236.38292074793,26207.553494166757,10681.77769622033,0.0,0.0,
408.20410205102553,73.47673836918459,0.233494178065424,0.261752135960506,112.19313652742306,23349.4178065424,26175.213596050602,11219.313652742307,0.0,0.0,
410.2051025512757,73.83691845922962,0.24373478456056458,0.2568201420283344,117.0717954978908,24373.47845605646,25682.01420283344,11707.17954978908,0.0,0.0,
412.2061030515258,74.19709854927464,0.252726472450851,0.24759330953766368,121.26779987806779,25272.6472450851,24759.330953766366,12126.77998780678,0.0,0.0,
414.2071035517759,74.55727863931966,0.26017518270206463,0.23471181797504104,124.6267294159334,26017.518270206463,23471.181797504105,12462.67294159334,0.0,0.0,
416.20810405202604,74.91745872936468,0.26587472571467063,0.21906111044673798,127.03815459572387,26587.472571467064,21906.1110446738,12703.815459572386,0.0,0.0,
418.2091045522762,75.27763881940972,0.26971895277994795,0.20165481347290576,128.44305071341657,26971.895277994794,20165.481347290577,12844.305071341656,0.0,0.0,
420.2101050525263,75.63781890945472,0.27170177307139887,0.1835067368213232,128.83555678481875,27170.177307139886,18350.67368213232,12883.555678481875,0.0,0.0,
422.2111055527764,75.99799899949976,0.2719059868494822,0.1655189750933322,128.2589832216864,27190.598684948218,16551.89750933322,12825.898322168641,0.0,0.0,
424.21210605302656,76.35817908954478,0.27048407849026534,0.14840645221970772,126.79769384786667,27048.407849026535,14840.645221970772,12679.769384786667,0.0,0.0,
426.21310655327665,76.7183591795898,0.26763524545534445,0.1326658117014395,124.56639534214449,26763.524545534445,13266.58117014395,12456.63953421445,0.0,0.0,
428.2141070535268,77.07853926963482,0.2635828086447743,0.11858383119402563,121.69879760403917,26358.28086447743,11858.383119402562,12169.879760403917,0.0,0.0,
430.21510755377693,77.43871935967985,0.2585550425561266,0.10627235000389876,118.33698586184265,25855.50425561266,10627.235000389875,11833.698586184264,0.0,0.0,
432.216108054027,77.79889944972486,0.25277096003134575,0.09571477354781754,114.62233236927068,25277.096003134575,9571.477354781755,11462.233236927068,0.0,0.0,
434.21710855427716,78.15907953976989,0.24643123636840136,0.08681213248758231,110.68833248661112,24643.123636840137,8681.213248758231,11068.833248661113,0.0,0.0,
436.2181090545273,78.51925962981491,0.2397135675654461,0.07942159379579215,106.65542692467977,23971.35675654461,7942.159379579215,10665.542692467978,0.0,0.0,
438.21910955477745,78.87943971985993,0.23277136606392956,0.07338485826296182,102.62767474094397,23277.136606392956,7338.485826296182,10262.767474094397,0.0,0.0,
440.22011005502753,79.23961980990495,0.2257346783008856,0.06854689994418646,98.69115844586317,22573.467830088557,6854.689994418646,9869.115844586317,0.0,0.0,
442.2211105552777,79.59979989994999,0.21871239213191726,0.06476694737369364,94.91379698508668,21871.239213191726,6476.694737369364,9491.379698508668,0.0,0.0,
444.2221110555278,79.959979989995,0.21179505172048843,0.06192393196500637,91.34636607773119,21179.505172048845,6192.393196500637,9134.636607773118,0.0,0.0,
446.2231115557779,80.32016008004003,0.20505783134927202,0.0599183610203508,88.02429555095121,20505.783134927202,5991.83610203508,8802.429555095121,0.0,0.0,
448.22411205602805,80.68034017008505,0.19856340342071013,0.058672095272717974,84.97005153243136,19856.340342071013,5867.209527271797,8497.005153243135,0.0,0.0,
450.2251125562782,81.04052026013007,0.19236456440857894,0.0581270363804061,82.19575729449828,19236.456440857895,5812.70363804061,8219.575729449827,0.0,0.0,
452.2261130565283,81.40070035017509,0.186506563903364,0.058243344403713676,79.70579055613948,18650.6563903364,5824.334440371367,7970.579055613947,0.0,0.0,
454.2271135567784,81.7608804402201,0.18102912812050473,0.05899752401674695,77.4992779680103,18102.912812050472,5899.752401674695,7749.92779680103,0.0,0.0,
456.22811405702856,82.12106053026514,0.17596819128594193,0.06038052517173401,75.57229326633143,17596.819128594194,6038.052517173402,7557.229326633143,0.0,0.0,
458.22911455727865,82.48124062031016,0.17135735455306447,0.06239587513086787,73.91974113739246,17135.735455306447,6239.587513086787,7391.974113739247,0.0,0.0,
460.2301150575288,82.84142071035518,0.16722908829793018,0.0650577724629732,72.53693823458148,16722.908829793018,6505.77724629732,7253.6938234581485,0.0,0.0,
462.23111555777893,83.2016008004002,0.16361568347158023,0.0683890138912033,71.42083743937478,16361.568347158023,6838.90138912033,7142.083743937478,0.0,0.0,
464.2321160580291,83.56178089044523,0.16054994347825602,0.07241858238478377,70.57085843438793,16054.994347825603,7241.858238478377,7057.085843438793,0.0,0.0,
466.23311655827916,83.92196098049024,0.15806559141196275,0.07717869638579762,69.98944833064856,15806.559141196274,7717.869638579762,6998.944833064856,0.0,0.0,
468.2341170585293,84.28214107053527,0.15619734992286097,0.08270110806510066,69.68225452792373,15619.734992286098,8270.110806510065,6968.225452792373,0.0,0.0,
470.23511755877945,84.6423211605803,0.15498063438242118,0.08901245086727419,69.65795944336176,15498.063438242118,8901.245086727418,6965.795944336176,0.0,0.0,
472.23611805902954,85.00250125062531,0.15445078710358037,0.09612848582401207,69.92775450944987,15445.078710358037,9612.848582401206,6992.775450944987,0.0,0.0,
474.2371185592797,85.36268134067033,0.15464177501295615,0.10404719764829992,70.50444757499015,15464.177501295615,10404.719764829992,7050.444757499015,0.0,0.0,
476.2381190595298,85.72286143071537,0.1555842804418048,0.11274086050097785,71.40120032522402,15558.42804418048,11274.086050097785,7140.120032522403,0.0,0.0,
478.2391195597799,86.08304152076037,0.15730314052578512,0.12214743839504731,72.62990114090951,15730.314052578511,12214.743839504732,7262.9901140909515,0.0,0.0,
480.24012006003005,86.44322161080541,0.15981414088042598,0.13216200101701592,74.19920124315777,15981.414088042598,13216.200101701592,7419.920124315778,0.0,0.0,
482.2411205602802,86.80340170085043,0.16312024769281294,0.1426291933011283,76.11228611969621,16312.024769281294,14262.91933011283,7611.228611969621,0.0,0.0,
484.2421210605303,87.16358179089545,0.16720746880589413,0.15333813643896796,78.36446112223642,16720.746880589413,15333.813643896796,7836.446112223642,0.0,0.0,
486.2431215607804,87.52376188094047,0.17204066144943647,0.16402136718867555,80.94078205958641,17204.06614494365,16402.136718867554,8094.078205958641,0.0,0.0,
488.24412206103057,87.8839419709855,0.17755973553708637,0.1743594276739149,83.81390725302654,17755.973553708638,17435.94276739149,8381.390725302654,0.0,0.0,
490.24512256128065,88.24412206103051,0.18367681086876064,0.18399238855779923,86.94242283326295,18367.681086876066,18399.238855779924,8694.242283326295,0.0,0.0,
492.2461230615308,88.60430215107554,0.19027494102851544,0.19253885421121458,90.27006739945685,19027.494102851546,19253.885421121457,9027.006739945686,0.0,0.0,
494.24712356178094,88.96448224112056,0.19720898212993623,0.199621871901976,93.72599934621816,19720.898212993623,19962.1871901976,9372.599934621816,0.0,0.0,
496.248124062031,89.32466233116558,0.2043090350414857,0.20489977743075788,97.22642040492788,20430.90350414857,20489.97774307579,9722.642040492789,0.0,0.0,
498.24912456228117,89.6848424212106,0.2113866187444208,0.208098611449135,100.6775979227196,21138.66187444208,20809.8611449135,10067.75979227196,0.0,0.0,
500.2501250625313,90.04502251125564,0.2182433618909542,0.2090416824467133,103.9802390105565,21824.33618909542,20904.16824467133,10398.02390105565,0.0,0.0,
502.25112556278145,90.40520260130066,0.22468158355714796,0.20767150062970113,107.03489896542548,22468.158355714797,20767.150062970115,10703.48989654255,0.0,0.0,
504.25212606303154,90.76538269134568,0.23051575376259534,0.20405993341985232,109.74788535984408,23051.575376259534,20405.99334198523,10974.788535984408,0.0,0.0,
506.2531265632817,91.1255627813907,0.23558357175980682,0.19840409291681568,112.03705316007806,23558.357175980684,19840.409291681568,11203.705316007807,0.0,0.0,
508.2541270635318,91.48574287143572,0.23975535368593792,0.19100791074604673,113.83696020433877,23975.53536859379,19100.791074604673,11383.696020433876,0.0,0.0,
510.2551275637819,91.84592296148074,0.24294061776256873,0.1822520412226981,115.102591822643,24294.061776256873,18225.20412226981,11510.2591822643,0.0,0.0,
512.256128064032,92.20610305152577,0.24509117038623085,0.17255694832737434,115.8114228009258,24509.117038623084,17255.694832737434,11581.14228009258,0.0,0.0,
514.2571285642822,92.56628314157079,0.24620054323077353,0.16234513621421626,115.96363565619366,24620.054323077355,16234.513621421625,11596.363565619366,0.0,0.0,
516.2581290645323,92.92646323161581,0.2463001827641378,0.15200816512962087,115.58054267821187,24630.01827641378,15200.816512962087,11558.054267821188,0.0,0.0,
518.2591295647825,93.28664332166085,0.245453222390302,0.14188251312099967,114.70170117296833,24545.3222390302,14188.251312099967,11470.170117296833,0.0,0.0,
520.2601300650325,93.64682341170585,0.24374688880998316,0.1322360646332896,113.38105076684793,24374.688880998317,13223.60646332896,11338.105076684793,0.0,0.0,
522.2611305652827,94.00700350175087,0.24128458971657793,0.12326475662070611,111.68263026169586,24128.458971657794,12326.475662070612,11168.263026169587,0.0,0.0,
524.2621310655328,94.36718359179591,0.23817854461686513,0.11509728105837391,109.67629953415353,23817.854461686515,11509.728105837392,10967.629953415353,0.0,0.0,
526.2631315657829,94.72736368184093,0.23454353649121043,0.107804991765133,107.43381333642147,23454.353649121043,10780.4991765133,10743.381333642146,0.0,0.0,
528.2641320660331,95.08754377188595,0.2304920643569479,0.10141421735003436,105.02547844991025,23049.206435694792,10141.421735003436,10502.547844991026,0.0,0.0,
530.2651325662832,95.44772386193098,0.22613092795698006,0.09591875724628685,102.51751501423186,22613.092795698005,9591.875724628684,10251.751501423187,0.0,0.0,
532.2661330665333,95.80790395197599,0.22155910548719196,0.09129111005249399,99.97017224278665,22155.910548719196,9129.111005249399,9997.017224278665,0.0,0.0,
534.2671335667834,96.16808404202101,0.2168666947681114,0.08749170610046854,97.4365158127369,21686.66947681114,8749.170610046855,9743.65158127369,0.0,0.0,
536.2681340670335,96.52826413206603,0.2121346615495671,0.08447596064376403,94.96194765324132,21213.46615495671,8447.596064376403,9496.194765324133,0.0,0.0,
538.2691345672837,96.88844422211106,0.20743515376327165,0.0821993020336164,92.58416877929362,20743.515376327166,8219.93020336164,9258.416877929361,0.0,0.0,
540.2701350675338,97.24862431215608,0.20283217729156874,0.08062049199476089,90.33365868750535,20283.217729156873,8062.049199476089,9033.365868750534,0.0,0.0,
542.271135567784,97.60880440220112,0.19838247230605177,0.07970359565944587,88.23438467425694,19838.24723060518,7970.359565944587,8823.438467425694,0.0,0.0,
544.2721360680341,97.96898449224614,0.19413647026403666,0.07941892823055881,86.30473960763734,19413.647026403665,7941.89282305588,8630.473960763735,0.0,0.0,
546.2731365682841,98.32916458229114,0.19013924573816846,0.07974324145378084,84.5585954001559,19013.924573816847,7974.324145378084,8455.85954001559,0.0,0.0,
548.2741370685343,98.68934467233616,0.1864314030118294,0.08065934110791124,83.00631777624479,18643.14030118294,8065.934110791124,8300.631777624478,0.0,0.0,
550.2751375687844,99.0495247623812,0.18304985522158526,0.08215526007175308,81.65567423314693,18304.985522158528,8215.52600717531,8165.567423314693,0.0,0.0,
552.2761380690346,99.40970485242622,0.1800284650485851,0.0842230565666616,80.51275659529887,18002.84650485851,8422.30565666616,8051.275659529887,0.0,0.0,
554.2771385692847,99.76988494247125,0.17739852214862467,0.08685726634528038,79.58261933225319,17739.85221486247,8685.726634528037,7958.261933225319,0.0,0.0,
556.2781390695349,100.13006503251627,0.17518903527741486,0.09005301172715412,78.86981793007944,17518.903527741488,9005.301172715412,7886.981793007943,0.0,0.0,
558.2791395697849,100.49024512256128,0.17342681802691873,0.0938037600678387,78.37874304912323,17342.681802691874,9380.37600678387,7837.874304912323,0.0,0.0,
560.280140070035,100.8504252126063,0.1721363477984338,0.09809873045581968,78.11370053851996,17213.634779843378,9809.873045581968,7811.370053851996,0.0,0.0,
562.2811405702852,101.21060530265133,0.17133937968895507,0.10291997147773718,78.07885006347408,17133.93796889551,10291.997147773718,7807.885006347407,0.0,0.0,
564.2821410705353,101.57078539269635,0.17105430197773863,0.10823917589735035,78.27790178061349,17105.43019777386,10823.917589735036,7827.790178061349,0.0,0.0,
566.2831415707855,101.93096548274139,0.1712952294379292,0.11401435997211509,78.71362782333412,17129.52294379292,11401.435997211509,7871.362782333412,0.0,0.0,
568.2841420710356,102.2911455727864,0.1720708461393513,0.12018661322360004,79.3871991739286,17207.08461393513,12018.661322360003,7938.719917392859,0.0,0.0,
570.2851425712856,102.65132566283141,0.17338303161876048,0.12667721203895546,80.29737843138909,17338.303161876047,12667.721203895546,8029.737843138909,0.0,0.0,
572.2861430715358,103.01150575287643,0.1752253332341229,0.1333854754243584,81.4396185885705,17522.533323412288,13338.547542435841,8143.961858857049,0.0,0.0,
574.2871435717859,103.37168584292147,0.177581381777501,0.14018780572077655,82.8051025294556,17758.138177750097,14018.780572077654,8280.51025294556,0.0,0.0,
576.2881440720361,103.73186593296649,0.18042338379984224,0.146938378663679,84.37984381119256,18042.338379984223,14693.837866367901,8437.984381119255,0.0,0.0,
578.2891445722862,104.09204602301152,0.18371085743627666,0.15347190197096636,86.14390853308826,18371.085743627667,15347.190197096636,8614.390853308827,0.0,0.0,
580.2901450725363,104.45222611305654,0.18738980189724608,0.15960872995067174,88.070874225198,18738.980189724607,15960.872995067173,8807.0874225198,0.0,0.0,
582.2911455727865,104.81240620310156,0.19139249635666586,0.16516239500997895,90.1275669690322,19139.249635666587,16516.239500997894,9012.75669690322,0.0,0.0,
584.2921460730365,105.17258629314657,0.1956381043563442,0.1699493056070306,92.27432694122369,19563.810435634423,16994.93056070306,9227.43269412237,0.0,0.0,
586.2931465732867,105.5327663831916,0.20003421013464465,0.17379999796135306,94.46566260130206,20003.421013464464,17379.999796135307,9446.566260130207,0.0,0.0,
588.2941470735368,105.89294647323662,0.20447933303868962,0.17657097331900734,96.65151241150966,20447.933303868962,17657.097331900735,9665.151241150965,0.0,0.0,
590.295147573787,106.25312656328164,0.2088663611490374,0.17815587809076672,98.77887297283222,20886.63611490374,17815.58780907667,9877.887297283221,0.0,0.0,
592.2961480740371,106.61330665332667,0.21308672786637822,0.17849466721586169,100.79402064049071,21308.67278663782,17849.46672158617,10079.40206404907,0.0,0.0,
594.2971485742872,106.9734867433717,0.21703504358034767,0.17757949004992543,102.64480126917968,21703.504358034766,17757.949004992544,10264.480126917968,0.0,0.0,
596.2981490745373,107.3336668334167,0.22061380934863023,0.17545637232110176,104.28318591631731,22061.380934863024,17545.637232110177,10428.31859163173,0.0,0.0,
598.2991495747874,107.69384692346173,0.22373779968626442,0.17222230293217133,105.66751146006708,22373.77996862644,17222.230293217133,10566.751146006707,0.0,0.0,
600.3001500750375,108.05402701350675,0.22633771911562695,0.16801798129237372,106.76449035427025,22633.771911562693,16801.798129237373,10676.449035427026,0.0,0.0,
602.3011505752877,108.41420710355177,0.2283628132751057,0.16301711138197372,107.5507033419228,22836.281327510573,16301.711138197372,10755.07033419228,0.0,0.0,
604.3021510755378,108.77438719359681,0.2297822388900989,0.15741360810709532,108.0134349464621,22978.223889009892,15741.360810709532,10801.34349464621,0.0,0.0,
606.303151575788,109.13456728364183,0.2305851460459442,0.15140830693383966,108.15081774475965,23058.51460459442,15140.830693383967,10815.081774475964,0.0,0.0,
608.304152076038,109.49474737368683,0.2307795738315614,0.14519670010376176,107.97134210132931,23077.95738315614,14519.670010376176,10797.134210132932,0.0,0.0,
610.3051525762882,109.85492746373187,0.23039038085922664,0.1389588976440253,107.49282103832482,23039.038085922664,13895.889764402531,10749.282103832482,0.0,0.0,
612.3061530765383,110.21510755377689,0.22945650749310553,0.132852525410202,106.74091315394828,22945.650749310553,13285.252541020202,10674.091315394828,0.0,0.0,
614.3071535767884,110.57528764382191,0.22802789035717413,0.12700874912775034,105.74738961285667,22802.789035717415,12700.874912775034,10574.738961285666,0.0,0.0,
616.3081540770386,110.93546773386694,0.22616232679925705,0.12153116451737966,104.54829579938854,22616.232679925706,12153.116451737966,10454.829579938854,0.0,0.0,
618.3091545772887,111.29564782391196,0.22392253063667059,0.1164969900343308,103.18214994857908,22392.25306366706,11649.69900343308,10318.214994857908,0.0,0.0,
620.3101550775389,111.655827913957,0.22137354727498307,0.11195986080137242,101.68829180460665,22137.354727498307,11195.986080137242,10168.829180460665,0.0,0.0,
622.3111555777889,112.016008004002,0.21858062157121022,0.10795352783918363,100.10546072512071,21858.06215712102,10795.352783918363,10010.54607251207,0.0,0.0,
624.312156078039,112.37618809404702,0.21560754682149175,0.104495869678452,98.47066675096018,21560.754682149174,10449.5869678452,9847.066675096017,0.0,0.0,
626.3131565782892,112.73636818409204,0.21251547399757997,0.10159277329703235,96.81829554414206,21251.547399757997,10159.277329703236,9681.829554414206,0.0,0.0,
628.3141570785393,113.09654827413708,0.20936212819487582,0.09924159652867505,95.17959966460677,20936.21281948758,9924.159652867505,9517.959966460678,0.0,0.0,
630.3151575787895,113.4567283641821,0.20620136235042946,0.09743405803971918,93.58239700938879,20620.136235042944,9743.405803971918,9358.239700938879,0.0,0.0,
632.3161580790396,113.81690845422713,0.2030829731425784,0.09615850165418867,92.0509387791323,20308.297314257838,9615.850165418868,9205.09387791323,0.0,0.0,
634.3171585792896,114.17708854427214,0.2000527067525226,0.095401548065495,90.60606623536086,20005.27067525226,9540.1548065495,9060.606623536085,0.0,0.0,
636.3181590795398,114.53726863431716,0.19715238945146696,0.0951491839619648,89.26544517632769,19715.238945146695,9514.918396196479,8926.544517632768,0.0,0.0,
638.3191595797899,114.89744872436218,0.194420127165444,0.0953873540093362,88.04385626317566,19442.0127165444,9538.735400933621,8804.385626317566,0.0,0.0,
640.3201600800401,115.25762881440721,0.1918905275505826,0.09610212275236163,86.9535626925655,19189.052755058263,9610.212275236163,8695.35626925655,0.0,0.0,
642.3211605802902,115.61780890445223,0.18959490672399237,0.09727946792510435,86.0046928886316,18959.49067239924,9727.946792510435,8600.46928886316,0.0,0.0,
644.3221610805404,115.97798899449725,0.18756145026880391,0.09890475895363482,85.20554055490258,18756.145026880393,9890.475895363483,8520.554055490258,0.0,0.0,
646.3231615807905,116.33816908454229,0.1858153045110074,0.10096196818806258,84.5628372938983,18581.530451100738,10096.196818806258,8456.28372938983,0.0,0.0,
648.3241620810405,116.69834917458729,0.18437857967064186,0.103432660002607,84.08197205044024,18437.857967064185,10343.266000260699,8408.197205044024,0.0,0.0,
650.3251625812907,117.05852926463231,0.18327025178741171,0.10629480578737134,83.76709804027351,18327.025178741173,10629.480578737133,8376.70980402735,0.0,0.0,
652.3261630815408,117.41870935467735,0.18250595584644652,0.10952148164517894,83.62115227145893,18250.595584644652,10952.148164517894,8362.115227145892,0.0,0.0,
654.327163581791,117.77888944472237,0.18209766881207168,0.11307952011950484,83.6457663526255,18209.766881207168,11307.952011950483,8364.57663526255,0.0,0.0,
656.3281640820411,118.13906953476739,0.1820532887507809,0.11692820642574973,83.84112152710628,18205.32887507809,11692.820642574974,8384.112152710628,0.0,0.0,
658.3291645822912,118.49924962481242,0.1823761251567257,0.12101813127969059,84.20570102849732,18237.61251567257,12101.813127969059,8420.570102849731,0.0,0.0,
660.3301650825413,118.85942971485743,0.18306432597605457,0.12529033315585644,84.73599168417621,18306.432597605457,12529.033315585644,8473.59916841762,0.0,0.0,
662.3311655827914,119.21960980490245,0.184110278297094,0.12967587811839087,85.42615014351624,18411.0278297094,12967.587811839088,8542.615014351624,0.0,0.0,
664.3321660830416,119.57978989494748,0.18550003142134944,0.1340960297872854,86.267671786508,18550.003142134945,13409.60297872854,8626.7671786508,0.0,0.0,
666.3331665832917,119.9399699849925,0.18721280177614844,0.13846314979749547,87.24906392338944,18721.280177614844,13846.314979749546,8724.906392338944,0.0,0.0,
668.3341670835418,120.30015007503752,0.18922062716474633,0.142682435303806,88.35562704318765,18922.062716474633,14268.2435303806,8835.562704318765,0.0,0.0,
670.335167583792,120.66033016508256,0.1914882412018814,0.14665454183584858,89.56932683881578,19148.82412018814,14665.454183584858,8956.932683881578,0.0,0.0,
672.3361680840421,121.02051025512758,0.19397323548084222,0.1502790578752998,90.8688080168906,19397.323548084223,15027.90578752998,9086.88080168906,0.0,0.0,
674.3371685842922,121.38069034517258,0.1966265654977187,0.15345869749699548,92.22962012690664,19662.65654977187,15345.869749699548,9222.962012690663,0.0,0.0,
676.3381690845423,121.74087043521762,0.1993934359037671,0.15610397020995187,93.6245610501459,19939.34359037671,15610.397020995188,9362.45610501459,0.0,0.0,
678.3391695847924,122.10105052526264,0.2022145718120085,0.15813798837550097,95.0243618288154,20221.45718120085,15813.798837550097,9502.43618288154,0.0,0.0,
680.3401700850426,122.46123061530766,0.20502784776139144,0.15950100054939353,96.39843530509599,20502.784776139142,15950.100054939354,9639.843530509599,0.0,0.0,
682.3411705852927,122.82141070535269,0.20777020816724498,0.16015421137193173,97.7158464938165,20777.020816724496,16015.421137193172,9771.58464938165,0.0,0.0,
684.3421710855429,123.18159079539771,0.2103797775360968,0.16008247794152206,98.94641158194635,21037.97775360968,16008.247794152205,9894.641158194636,0.0,0.0,
686.3431715857929,123.54177088544272,0.21279803074546605,0.15929556284813837,100.06177353672555,21279.803074546606,15929.556284813836,10006.177353672556,0.0,0.0,
688.344172086043,123.90195097548775,0.21497187817241958,0.1578277676721164,101.03657203690967,21497.18781724196,15782.77676721164,10103.657203690967,0.0,0.0,
690.3451725862932,124.26213106553277,0.21685552078341805,0.15573594865697185,101.84928826516877,21685.552078341803,15573.594865697185,10184.928826516876,0.0,0.0,
692.3461730865433,124.62231115557779,0.21841194743180364,0.1530961006436364,102.48316657723234,21841.194743180364,15309.61006436364,10248.316657723233,0.0,0.0,
694.3471735867935,124.98249124562282,0.21961397877739552,0.1499988553075561,102.92671049167473,21961.397877739553,14999.885530755611,10292.671049167473,0.0,0.0,
696.3481740870436,125.34267133566784,0.22044480498641542,0.146544348235451,103.17400295490675,22044.48049864154,14654.434823545102,10317.400295490675,0.0,0.0,
698.3491745872936,125.70285142571285,0.22089801152133462,0.1428369496266979,103.22472674328448,22089.801152133463,14283.694962669791,10322.472674328448,0.0,0.0,
700.3501750875438,126.06303151575787,0.2209771321170829,0.13898032267263508,103.08392039199909,22097.713211708287,13898.032267263508,10308.392039199909,0.0,0.0,
702.3511755877939,126.4232116058029,0.22069480452741969,0.1350731833011117,102.76150388820353,22069.48045274197,13507.318330111171,10276.150388820353,0.0,0.0,
704.3521760880441,126.78339169584793,0.2200716287707501,0.1312060067004994,102.27162405290292,22007.16287707501,13120.60067004994,10227.162405290292,0.0,0.0,
706.3531765882942,127.14357178589296,0.2191348378440527,0.12745878589178727,101.63187616032438,21913.483784405267,12745.878589178727,10163.187616032437,0.0,0.0,
708.3541770885444,127.50375187593798,0.21791688806787296,0.1238998195405997,100.86246185813135,21791.688806787297,12389.98195405997,10086.246185813136,0.0,0.0,
710.3551775887945,127.863931965983,0.21645406308879844,0.12058540723170642,99.98533965681648,21645.406308879843,12058.540723170643,9998.533965681649,0.0,0.0,
712.3561780890445,128.22411205602802,0.2147851658053015,0.11756026857239131,99.02341593230636,21478.516580530148,11756.02685723913,9902.341593230636,0.0,0.0,
714.3571785892947,128.58429214607304,0.21295034991963627,0.1148584772754924,97.9998148482853,21295.03499196363,11485.847727549239,9799.98148482853,0.0,0.0,
716.3581790895448,128.94447223611806,0.21099012070627673,0.11250470625384972,96.9372467167047,21099.012070627672,11250.47062538497,9693.72467167047,0.0,0.0,
718.359179589795,129.30465232616308,0.20894451522936103,0.11051560520849701,95.85752071948274,20894.451522936102,11051.560520849702,9585.752071948273,0.0,0.0,
720.3601800900451,129.66483241620813,0.2068524569095278,0.10890116846842686,94.78110985031772,20685.24569095278,10890.116846842686,9478.110985031772,0.0,0.0,
722.3611805902952,130.02501250625315,0.20475126839525223,0.10766598984318225,93.7269267665197,20475.126839525223,10766.598984318225,9372.69267665197,0.0,0.0,
724.3621810905453,130.38519259629814,0.20267631986478235,0.10681033738323432,92.71217606270893,20267.631986478234,10681.033738323433,9271.217606270893,0.0,0.0,
726.3631815907954,130.74537268634316,0.20066078649964114,0.1063310111418197,91.7522103266273,20066.078649964114,10633.101114181969,9175.22103266273,0.0,0.0,
728.3641820910456,131.1055527763882,0.1987354881290805,0.10622197030391191,90.86057361606142,19873.54881290805,10622.197030391191,9086.057361606141,0.0,0.0,
730.3651825912957,131.46573286643323,0.1969287851806529,0.10647473282657759,90.04906081323885,19692.878518065292,10647.473282657758,9004.906081323885,0.0,0.0,
732.3661830915458,131.82591295647825,0.19526650742048382,0.1070785622527292,89.32777068972968,19526.650742048383,10707.85622527292,8932.777068972968,0.0,0.0,
734.367183591796,132.18609304652327,0.193771895052812,0.10802046415332517,88.7052176068981,19377.1895052812,10802.046415332517,8870.52176068981,0.0,0.0,
736.368184092046,132.5462731365683,0.19246553526041804,0.1092850202190265,88.18838527926474,19246.553526041804,10928.50202190265,8818.838527926473,0.0,0.0,
738.3691845922962,132.9064532266133,0.19136528102910638,0.11085409261452799,87.7828410217391,19136.528102910637,11085.409261452798,8778.28410217391,0.0,0.0,
740.3701850925463,133.26663331665833,0.19048614306171555,0.11270643572278202,87.49276077629712,19048.614306171556,11270.643572278203,8749.276077629711,0.0,0.0,
742.3711855927965,133.62681340670335,0.1898401497450658,0.11481725732623643,87.32094839985153,18984.01497450658,11481.725732623643,8732.094839985153,0.0,0.0,
744.3721860930466,133.98699349674837,0.189436174527932,0.1171577766471757,87.26882830837992,18943.617452793198,11715.777664717569,8726.882830837993,0.0,0.0,
746.3731865932967,134.34717358679342,0.18927973470743412,0.11969483211039494,87.33639584364053,18927.97347074341,11969.483211039495,8733.639584364053,0.0,0.0,
748.3741870935469,134.70735367683844,0.18937277046355058,0.12239059639164433,87.52214328591073,18937.27704635506,12239.059639164434,8752.214328591073,0.0,0.0,
750.3751875937969,135.06753376688343,0.18971341789611215,0.12520245910431704,87.82296762488956,18971.341789611215,12520.245910431704,8782.296762488955,0.0,0.0,
752.376188094047,135.42771385692848,0.19029579456091136,0.12808313692996814,88.23407072141795,19029.579456091138,12808.313692996815,8823.407072141796,0.0,0.0,
754.3771885942972,135.7878939469735,0.19110982020608627,0.13098106561419007,88.74886566450718,19110.982020608626,13098.106561419007,8874.886566450718,0.0,0.0,
756.3781890945473,136.14807403701852,0.19214109860067116,0.13384111670312548,89.35890599231062,19214.109860067118,13384.111670312548,8935.890599231063,0.0,0.0,
758.3791895947975,136.50825412706354,0.19337088797453883,0.13660566335310312,90.05384749079501,19337.088797453882,13660.566335310312,9005.384749079501,0.0,0.0,
760.3801900950476,136.86843421710856,0.19477618709378888,0.1392159940007177,90.8214820753711,19477.618709378887,13921.599400071771,9082.14820753711,0.0,0.0,
762.3811905952977,137.22861430715358,0.19632996090312035,0.14161404125251956,91.6478069920297,19632.996090312034,14161.404125251956,9164.78069920297,0.0,0.0,
764.3821910955478,137.5887943971986,0.1980015236863727,0.14374435845889058,92.51720196925002,19800.15236863727,14374.435845889058,9251.720196925002,0.0,0.0,
766.3831915957979,137.94897448724362,0.19975708884348367,0.145556241749552,93.41269474676935,19975.70888434837,14555.624174955201,9341.269474676934,0.0,0.0,
768.3841920960481,138.30915457728864,0.20156048304680893,0.14700586544243413,94.31629970223923,20156.04830468089,14700.586544243413,9431.629970223923,0.0,0.0,
770.3851925962982,138.6693346673337,0.20337400953795523,0.1480582786374534,95.20942391972572,20337.400953795524,14805.82786374534,9520.942391972572,0.0,0.0,
772.3861930965484,139.0295147573787,0.20515943186165486,0.1486891049004667,96.07338010134434,20515.943186165485,14868.910490046668,9607.338010134434,0.0,0.0,
774.3871935967985,139.38969484742373,0.2068790368886268,0.1488857981997973,96.8898895145946,20687.90368886268,14888.57981997973,9688.98895145946,0.0,0.0,
776.3881940970485,139.74987493746872,0.20849672611348208,0.14864833735260483,97.64165152657017,20849.672611348207,14864.833735260483,9764.165152657017,0.0,0.0,
778.3891945972987,140.11005502751377,0.2099790783452919,0.14798928604899578,98.31287057035524,20997.90783452919,14798.928604899578,9831.287057035524,0.0,0.0,
780.3901950975488,140.4702351175588,0.21129632603025067,0.14693320115104025,98.88983722875626,21129.632603025068,14693.320115104025,9888.983722875626,0.0,0.0,
782.391195597799,140.8304152076038,0.21242319196114476,0.14551543136806763,99.36118049150011,21242.319196114477,14551.543136806764,9936.11804915001,0.0,0.0,
784.3921960980491,141.19059529764883,0.21333954267451313,0.14378040356064414,99.71837542931154,21333.954267451314,14378.040356064414,9971.837542931153,0.0,0.0,
786.3931965982993,141.55077538769385,0.2140308284200869,0.1417795372779976,99.9558708019311,21403.082842008687,14177.95372779976,9995.58708019311,0.0,0.0,
788.3941970985493,141.91095547773887,0.21448829555722784,0.13956895405590683,100.07121436542936,21448.829555722783,13956.895405590683,10007.121436542935,0.0,0.0,
790.3951975987994,142.2711355677839,0.21470897375209738,0.13720715381685383,100.06502697253077,21470.897375209737,13720.715381685382,10006.502697253078,0.0,0.0,
792.3961980990496,142.6313156578289,0.21469545551957808,0.1347528170858086,99.94084598265873,21469.54555195781,13475.28170858086,9994.084598265872,0.0,0.0,
794.3971985992997,142.99149574787396,0.21445549793066432,0.13226286232414475,99.70489356798977,21445.54979306643,13226.286232414475,9970.489356798977,0.0,0.0,
796.3981990995499,143.35167583791898,0.2140014846624568,0.12979084819506326,99.36574686551086,21400.14846624568,12979.084819506326,9936.574686551086,0.0,0.0,
798.3991995998,143.711855927964,0.21334979060191023,0.1273857674760092,98.93395794562583,21334.979060191024,12738.576747600919,9893.395794562584,0.0,0.0,
800.4002001000501,144.07203601800902,0.2125200911330403,0.12509123860221452,98.42163540152457,21252.00911330403,12509.123860221453,9842.163540152456,0.0,0.0,
802.4012006003002,144.43221610805404,0.21153465471653626,0.12294506699202713,97.84202158664932,21153.465471653628,12294.506699202713,9784.202158664932,0.0,0.0,
804.4022011005503,144.79239619809906,0.21041765137962584,0.12097912397883746,97.2090614731272,21041.765137962586,12097.912397883747,9720.90614731272,0.0,0.0,
806.4032016008005,145.15257628814408,0.2091945023306448,0.11921947704613893,96.53702928860164,20919.45023306448,11921.947704613893,9653.702928860164,0.0,0.0,
808.4042021010506,145.5127563781891,0.2078912880874371,0.1176867002690645,95.84017322482846,20789.12880874371,11768.67002690645,9584.017322482847,0.0,0.0,
810.4052026013007,145.87293646823412,0.20653422505655844,0.11639629655010109,95.13241816206538,20653.422505655843,11639.629655010109,9513.241816206537,0.0,0.0,
812.4062031015509,146.23311655827916,0.20514921398530062,0.1153591711232546,94.42711636747893,20514.921398530063,11535.91711232546,9442.711636747894,0.0,0.0,
814.4072036018009,146.59329664832416,0.20376145844669286,0.11458210666973445,93.73684420655304,20376.145844669285,11458.210666973446,9373.684420655305,0.0,0.0,
816.4082041020511,146.95347673836918,0.2023951476210411,0.11406820238494654,93.07327070493155,20239.51476210411,11406.820238494654,9307.327070493155,0.0,0.0,
818.4092046023012,147.31365682841422,0.20107319506617657,0.11381725111624326,92.44703437548203,20107.319506617656,11381.725111624326,9244.703437548204,0.0,0.0,
820.4102051025513,147.67383691845924,0.19981702377985733,0.11382603942736616,91.86768235776432,19981.702377985734,11382.603942736616,9186.768235776432,0.0,0.0,
822.4112056028015,148.03401700850426,0.1986463874719547,0.114088564754591,91.34365024245342,19864.63874719547,11408.8564754591,9134.365024245342,0.0,0.0,
824.4122061030516,148.39419709854928,0.19757921838472617,0.11459617163921912,90.88221022391734,19757.921838472615,11459.617163921912,9088.221022391734,0.0,0.0,
826.4132066033017,148.7543771885943,0.1966314930460812,0.11533761548448598,90.48949077632341,19663.14930460812,11533.761548448598,9048.94907763234,0.0,0.0,
828.4142071035518,149.11455727863932,0.1958171088697857,0.11629906760681233,90.17046486862223,19581.71088697857,11629.906760681233,9017.046486862224,0.0,0.0,
830.415207603802,149.47473736868434,0.19514776639628695,0.11746407973703088,89.92895387019173,19514.776639628693,11746.407973703088,8992.895387019173,0.0,0.0,
832.4162081040521,149.83491745872936,0.19463285410590858,0.1188135297093098,89.76762381853788,19463.28541059086,11881.35297093098,8976.762381853789,0.0,0.0,
834.4172086043022,150.19509754877438,0.19427933504192477,0.12032557287458104,89.68797792108656,19427.933504192475,12032.557287458103,8968.797792108655,0.0,0.0,
836.4182091045524,150.55527763881943,0.19409163687053962,0.12197562568541229,89.69034277501088,19409.163687053962,12197.562568541229,8969.034277501087,0.0,0.0,
838.4192096048025,150.91545772886445,0.19407154938152824,0.12373640869526052,89.77385049974264,19407.154938152824,12373.640869526052,8977.385049974264,0.0,0.0,
840.4202101050525,151.27563781890944,0.19421813568191248,0.1255780755819944,89.93641968926782,19421.81356819125,12557.807558199442,8993.641968926782,0.0,0.0,
842.4212106053027,151.63581790895446,0.1945276653155429,0.12746845238953147,90.17473975354626,19452.76653155429,12746.845238953147,9017.473975354626,0.0,0.0,
844.4222111055528,151.9959979989995,0.19499357909042725,0.12937340665970368,90.48426435287803,19499.357909042727,12937.340665970367,9048.426435287804,0.0,0.0,
846.423211605803,152.35617808904453,0.19560649633425156,0.13125735929220927,90.8592203173966,19560.649633425157,13125.735929220928,9085.922031739661,0.0,0.0,
848.4242121060531,152.71635817908955,0.19635427544819573,0.1330839428227599,91.29263851194256,19635.427544819573,13308.39428227599,9129.263851194255,0.0,0.0,
850.4252126063033,153.07653826913457,0.1972221378342834,0.13481679863441914,91.77641273173599,19722.213783428342,13481.679863441914,9177.641273173598,0.0,0.0,
852.4262131065533,153.4367183591796,0.19819286342734474,0.136420493042754,92.3013919780464,19819.286342734475,13642.0493042754,9230.13919780464,0.0,0.0,
854.4272136068034,153.7968984492246,0.19924706314448526,0.13786151920129588,92.85750994282559,19924.706314448526,13786.151920129589,9285.750994282558,0.0,0.0,
856.4282141070536,154.15707853926963,0.20036352965376822,0.1391093396391291,93.43395262951672,20036.35296537682,13910.93396391291,9343.395262951672,0.0,0.0,
858.4292146073037,154.51725862931465,0.20151966316260955,0.14013741442513422,94.01936416822255,20151.966316260954,14013.741442513423,9401.936416822255,0.0,0.0,
860.4302151075539,154.8774387193597,0.20269196376148185,0.14092415390537885,94.602086134691,20269.196376148186,14092.415390537884,9460.2086134691,0.0,0.0,
862.431215607804,155.23761880940472,0.20385657666114573,0.14145373389937516,95.17043355297295,20385.657666114574,14145.373389937515,9517.043355297295,0.0,0.0,
864.432216108054,155.5977988994497,0.20498987193078483,0.14171671591732743,95.71296442048376,20498.987193078483,14171.671591732744,9571.296442048375,0.0,0.0,
866.4332166083042,155.95797898949473,0.20606903658623937,0.1417104254617451,96.21879493835799,20606.903658623938,14171.042546174509,9621.879493835799,0.0,0.0,
868.4342171085543,156.31815907953978,0.20707265454890278,0.1414390571223221,96.67786858546853,20707.26545489028,14143.90571223221,9667.786858546853,0.0,0.0,
870.4352176088045,156.6783391695848,0.20798124941804064,0.14091349453184657,97.08124157994168,20798.124941804064,14091.349453184657,9708.124157994167,0.0,0.0,
872.4362181090546,157.03851925962982,0.2087777663286493,0.14015085429842136,97.4213050416784,20877.77663286493,14015.085429842136,9742.130504167839,0.0,0.0,
874.4372186093048,157.39869934967484,0.2094479723335883,0.13917378342461642,97.6920002659375,20944.79723335883,13917.378342461641,9769.20002659375,0.0,0.0,
876.4382191095549,157.75887943971986,0.20998075948510997,0.13800955716352778,97.88894090087203,20998.075948510996,13800.955716352779,9788.894090087202,0.0,0.0,
878.4392196098049,158.11905952976488,0.21036834063535223,0.13668903683774564,98.00951629047213,21036.83406353522,13668.903683774564,9800.951629047213,0.0,0.0,
880.4402201100551,158.4792396198099,0.2106063343630419,0.13524555364227617,98.05290616544217,21060.63343630419,13524.555364227617,9805.290616544216,0.0,0.0,
882.4412206103052,158.83941970985492,0.21069374174496394,0.1337137845040723,98.02005334740902,21069.374174496395,13371.378450407232,9802.005334740901,0.0,0.0,
884.4422211105554,159.19959979989997,0.21063282336185676,0.1321286801798212,97.91357301919568,21063.282336185675,13212.86801798212,9791.357301919568,0.0,0.0,
886.4432216108055,159.559779889945,0.210428889499641,0.13052449515979656,97.73761748579827,21042.8889499641,13052.449515979655,9773.761748579827,0.0,0.0,
888.4442221110556,159.91995997999,0.21009001968643012,0.12893395529214316,97.49770085061495,21009.001968643013,12893.395529214316,9749.770085061495,0.0,0.0,
890.4452226113057,160.280140070035,0.20962672937964197,0.1273875841902115,97.20049528565066,20962.6729379642,12738.758419021151,9720.049528565067,0.0,0.0,
892.4462231115558,160.64032016008005,0.20905160184445865,0.12591319514564633,96.85360919629402,20905.160184445864,12591.319514564633,9685.360919629402,0.0,0.0,
894.447223611806,161.00050025012507,0.2083789022415655,0.12453554280082033,96.46535768651651,20837.89022415655,12453.554280082033,9646.53576865165,0.0,0.0,
896.4482241120561,161.3606803401701,0.20762418895725748,0.12327611912168548,96.04453467247212,20762.418895725747,12327.611912168548,9604.453467247213,0.0,0.0,
898.4492246123062,161.7208604302151,0.206803934592792,0.12215307164803213,95.60019452969159,20680.3934592792,12215.307164803213,9560.01945296916,0.0,0.0,
900.4502251125564,162.08104052026013,0.20593516610853693,0.12118121854149627,95.14144943882623,20593.516610853694,12118.121854149627,9514.144943882622,0.0,0.0,
902.4512256128065,162.44122061030518,0.20503513067984797,0.1203721342411261,94.67728704073085,20503.513067984797,12037.21342411261,9467.728704073084,0.0,0.0,
904.4522261130566,162.80140070035017,0.20412099109401577,0.11973428102066346,94.21640970728525,20412.099109401577,11973.428102066346,9421.640970728526,0.0,0.0,
906.4532266133067,163.1615807903952,0.20320955216138287,0.11927316480095586,93.76710537260635,20320.955216138285,11927.316480095586,9376.710537260635,0.0,0.0,
908.4542271135568,163.5217608804402,0.20231701772458036,0.11899149761074819,93.33712136927153,20231.701772458036,11899.14976107482,9333.712136927154,0.0,0.0,
910.455227613807,163.88194097048526,0.20145877646427682,0.11888935360107437,92.93359256863997,20145.87764642768,11888.935360107438,9293.359256863996,0.0,0.0,
912.4562281140571,164.24212106053028,0.2006492138169524,0.11896431010770342,92.56294759142706,20064.92138169524,11896.431010770342,9256.294759142706,0.0,0.0,
914.4572286143073,164.6023011505753,0.19990154689805728,0.11921156964216652,92.23087800186698,19990.154689805728,11921.156964216652,9223.087800186699,0.0,0.0,
916.4582291145573,164.96248124062032,0.1992276793159322,0.11962406269254076,91.94227287213597,19922.76793159322,11962.406269254076,9194.227287213598,0.0,0.0,
918.4592296148074,165.32266133066534,0.1986380730944671,0.12019253471994422,91.70120563843633,19863.80730944671,12019.253471994421,9170.120563843633,0.0,0.0,
920.4602301150576,165.68284142071036,0.1981416355358561,0.12090562367938104,91.51090166999958,19814.163553585608,12090.562367938104,9151.090166999958,0.0,0.0,
922.4612306153077,166.04302151075538,0.1977456196714771,0.12174993672665839,91.37372376831861,19774.56196714771,12174.99367266584,9137.372376831861,0.0,0.0,
924.4622311155579,166.4032016008004,0.19745553790429407,0.12271013644954637,91.2911586872568,19745.553790429407,12271.013644954637,9129.11586872568,0.0,0.0,
926.463231615808,166.76338169084545,0.19727508946655603,0.1237690479239416,91.2638095364356,19727.508946655602,12376.90479239416,9126.38095364356,0.0,0.0,
928.4642321160582,167.12356178089047,0.19720610333088295,0.1249077980759151,91.29139135072334,19720.610333088294,12490.779807591509,9129.139135072335,0.0,0.0,
930.4652326163082,167.48374187093546,0.19724849914578244,0.12610599815551857,91.37273277498016,19724.849914578244,12610.599815551857,9137.273277498016,0.0,0.0,
932.4662331165583,167.84392196098048,0.19740026954179338,0.1273419785365862,91.50578415816133,19740.02695417934,12734.19785365862,9150.578415816133,0.0,0.0,
934.4672336168085,168.20410205102553,0.1976574876950384,0.12859308251914942,91.68763478770022,19765.74876950384,12859.308251914941,9168.763478770023,0.0,0.0,
936.4682341170586,168.56428214107055,0.19801434426865847,0.12983602235414313,91.9145412016302,19801.434426865846,12983.602235414313,9191.45412016302,0.0,0.0,
938.4692346173088,168.92446223111557,0.19846321771704675,0.13104729643940322,92.18196911591784,19846.321771704675,13104.729643940322,9218.196911591784,0.0,0.0,
940.4702351175589,169.2846423211606,0.1989947813883707,0.13220366175333748,92.48465103412694,19899.478138837072,13220.366175333747,9248.465103412695,0.0,0.0,
942.4712356178089,169.6448224112056,0.1995981498787616,0.13328265040290305,92.81666129275149,19959.814987876158,13328.265040290305,9281.666129275149,0.0,0.0,
944.4722361180591,170.00500250125063,0.20026106569152277,0.13426311406546948,93.17150953325648,20026.106569152278,13426.311406546947,9317.150953325649,0.0,0.0,
946.4732366183092,170.36518259129565,0.2009701254907915,0.1351257755690741,93.54225273593312,20097.01254907915,13512.57755690741,9354.225273593313,0.0,0.0,
948.4742371185594,170.72536268134067,0.20171104320675332,0.13585376337795105,93.92162967829117,20171.10432067533,13585.376337795105,9392.162967829117,0.0,0.0,
950.4752376188095,171.0855427713857,0.2024689450837518,0.1364331027938774,94.30218500168326,20246.89450837518,13643.31027938774,9430.218500168325,0.0,0.0,
952.4762381190596,171.44572286143074,0.20322868962628163,0.13685313761560683,94.67646070602173,20322.868962628163,13685.313761560683,9467.646070602173,0.0,0.0,
954.4772386193097,171.80590295147573,0.20397520347889225,0.13710685802497413,95.03713548817647,20397.520347889225,13710.685802497414,9503.713548817648,0.0,0.0,
956.4782391195598,172.16608304152075,0.20469382274677053,0.13719111458606129,95.37719829721821,20469.382274677053,13719.111458606129,9537.719829721822,0.0,0.0,
958.47923961981,172.5262631315658,0.20537062829310204,0.13710670421566404,95.69011896821888,20537.062829310205,13710.670421566403,9569.011896821889,0.0,0.0,
960.4802401200601,172.88644322161082,0.20599276324951699,0.13685832134579012,95.9699853705667,20599.276324951697,13685.832134579012,9596.99853705667,0.0,0.0,
962.4812406203102,173.24662331165584,0.20654872140734598,0.1364543756057158,96.21166422836033,20654.8721407346,13645.43756057158,9621.166422836033,0.0,0.0,
964.4822411205604,173.60680340170086,0.20702859631547893,0.13590668544794862,96.41089936138154,20702.859631547894,13590.668544794862,9641.089936138154,0.0,0.0,
966.4832416208105,173.96698349174588,0.20742428270993415,0.13523006446189847,96.564416245617,20742.428270993416,13523.006446189847,9656.4416245617,0.0,0.0,
968.4842421210606,174.3271635817909,0.20772962420703558,0.13444182298123686,96.66998146045603,20772.96242070356,13444.182298123686,9666.998146045604,0.0,0.0,
970.4852426213107,174.68734367183592,0.2079405038126758,0.1335612114913029,96.72643373161384,20794.050381267578,13356.12114913029,9672.643373161383,0.0,0.0,
972.4862431215608,175.04752376188094,0.20805487652545487,0.13260883401343784,96.7336882423442,20805.487652545486,13260.883401343784,9673.36882423442,0.0,0.0,
974.487243621811,175.40770385192596,0.20807274592760794,0.13160605907570988,96.69270559776895,20807.274592760794,13160.605907570987,9669.270559776895,0.0,0.0,
976.4882441220611,175.767883941971,0.20799608897454996,0.1305744533100218,96.60543749982341,20799.608897454997,13057.44533100218,9660.54374998234,0.0,0.0,
978.4892446223113,176.12806403201603,0.20782873506483954,0.12953525857350226,96.47474451891452,20782.873506483953,12953.525857350225,9647.474451891452,0.0,0.0,
980.4902451225613,176.48824412206102,0.20757620680295683,0.12850892832683977,96.30429678552788,20757.620680295684,12850.892832683978,9630.429678552788,0.0,0.0,
982.4912456228114,176.84842421210607,0.20724553062291315,0.12751473340151076,96.09845725654957,20724.553062291314,12751.473340151077,9609.845725654957,0.0,0.0,
984.4922461230616,177.2086043021511,0.20684502564010257,0.12657044180158478,95.86215661179433,20684.502564010258,12657.044180158478,9586.215661179433,0.0,0.0,
986.4932466233117,177.5687843921961,0.2063840788070116,0.12569207226736978,95.600761340029,20638.40788070116,12569.207226736979,9560.0761340029,0.0,0.0,
988.4942471235619,177.92896448224113,0.20587291376150327,0.12489371729912424,95.31994234147876,20587.291376150326,12489.371729912424,9531.994234147876,0.0,0.0,
990.495247623812,178.28914457228615,0.20532235978846064,0.12418742837805276,95.02554535963466,20532.235978846064,12418.742837805275,9502.554535963467,0.0,0.0,
992.496248124062,178.64932466233117,0.20474362618352998,0.1235831542744618,94.72347390398954,20474.362618353,12358.31542744618,9472.347390398954,0.0,0.0,
994.4972486243122,179.0095047523762,0.20414808612181382,0.1230887225363212,94.41955304232994,20414.808612181383,12308.87225363212,9441.955304232994,0.0,0.0,
996.4982491245623,179.3696848424212,0.20354707298539812,0.12270985436570148,94.11946243109584,20354.70729853981,12270.985436570149,9411.946243109584,0.0,0.0,
998.4992496248125,179.72986493246623,0.2029516910708002,0.12245020393168807,93.82861963434614,20295.16910708002,12245.020393168807,9382.861963434614,0.0,0.0,
1000.5002501250626,180.09004502251128,0.2023726417222186,0.12231141453635254,93.55210565830619,20237.26417222186,12231.141453635253,9355.210565830619,0.0,0.0,
1002.5012506253128,180.4502251125563,0.2018200652584776,0.12229318575136885,93.29458795187557,20182.00652584776,12229.318575136886,9329.458795187556,0.0,0.0,
1004.5022511255629,180.81040520260132,0.20130339858459728,0.12239334750220146,93.06028306256769,20130.339858459727,12239.334750220147,9306.028306256769,0.0,0.0,
1006.5032516258129,181.1705852926463,0.20083124810411263,0.12260793894630632,92.85288362417154,20083.124810411264,12260.793894630633,9285.288362417154,0.0,0.0,
1008.5042521260631,181.53076538269136,0.2004112774529479,0.12293129175029335,92.67554498705731,20041.12774529479,12293.129175029335,9267.554498705731,0.0,0.0,
1010.5052526263132,181.89094547273638,0.2000501096426302,0.12335611892213615,92.53083625090828,20005.01096426302,12335.611892213614,9253.083625090829,0.0,0.0,
1012.5062531265634,182.2511255627814,0.19975324338929007,0.12387361162207212,92.42070584613496,19975.324338929007,12387.361162207213,9242.070584613497,0.0,0.0,
1014.5072536268135,182.61130565282642,0.19952498368482532,0.12447354729988667,92.34653896309774,19952.49836848253,12447.354729988667,9234.653896309774,0.0,0.0,
1016.5082541270637,182.97148574287144,0.19936838700232237,0.12514441304005167,92.30900999315868,19936.838700232238,12514.441304005166,9230.900999315869,0.0,0.0,
1018.5092546273137,183.33166583291646,0.19928522185901348,0.12587354810486318,92.30825407139788,19928.522185901347,12587.354810486318,9230.825407139788,0.0,0.0,
1020.5102551275638,183.69184592296148,0.1992759457861437,0.12664730932883247,92.34368379474245,19927.594578614367,12664.730932883247,9234.368379474245,0.0,0.0,
1022.511255627814,184.0520260130065,0.19933969997894,0.12745126223051612,92.41418937555989,19933.969997894,12745.126223051611,9241.418937555989,0.0,0.0,
1024.512256128064,184.41220610305155,0.1994743230534909,0.12827039948954322,92.51797704589697,19947.432305349088,12827.039948954322,9251.797704589697,0.0,0.0,
1026.5132566283141,184.77238619309654,0.19967638531675283,0.12908938683109847,92.65273525524645,19967.638531675282,12908.938683109847,9265.273525524646,0.0,0.0,
1028.5142571285644,185.13256628314159,0.19994124480631334,0.12989283444499836,92.81560063385628,19994.124480631333,12989.283444499835,9281.560063385628,0.0,0.0,
1030.5152576288144,185.49274637318658,0.2002631260054117,0.13066558995127442,93.00321093827623,20026.312600541172,13066.558995127441,9300.321093827622,0.0,0.0,
1032.5162581290647,185.85292646323163,0.20063522162415914,0.13139304675152447,93.21177969202574,20063.522162415913,13139.304675152447,9321.177969202574,0.0,0.0,
1034.5172586293147,186.21310655327665,0.2010498171535009,0.1320614595430506,93.43713569508215,20104.981715350088,13206.14595430506,9343.713569508214,0.0,0.0,
1036.518259129565,186.5732866433217,0.20149843707501958,0.13265825700386377,93.67482434663738,20149.843707501957,13265.825700386376,9367.482434663738,0.0,0.0,
1038.519259629815,186.93346673336669,0.20197201069677206,0.13317234036288483,93.92016603081356,20197.201069677205,13317.234036288482,9392.016603081356,0.0,0.0,
1040.520260130065,187.2936468234117,0.20246105463022349,0.13359435591289665,94.16836769175181,20246.105463022348,13359.435591289664,9416.836769175181,0.0,0.0,
1042.5212606303153,187.65382691345675,0.20295586800239218,0.133916929625772,94.41460124647502,20295.58680023922,13391.6929625772,9441.460124647501,0.0,0.0,
1044.5222611305653,188.01400700350175,0.20344673567275318,0.13413485295322497,94.6541208773032,20344.673567275317,13413.485295322496,9465.41208773032,0.0,0.0,
1046.5232616308156,188.3741870935468,0.20392413407403737,0.13424521063263414,94.88234469156775,20392.413407403736,13424.521063263413,9488.234469156776,0.0,0.0,
1048.5242621310656,188.73436718359181,0.20437893387345568,0.13424744377858353,95.09497229480361,20437.893387345568,13424.744377858353,9509.497229480361,0.0,0.0,
1050.5252626313156,189.0945472736368,0.20480259350958502,0.13414334456382027,95.28805675772928,20480.259350958502,13414.334456382026,9528.805675772928,0.0,0.0,
1052.5262631315659,189.45472736368185,0.20518733781784387,0.1339369821534212,95.45811020565327,20518.733781784387,13393.69821534212,9545.811020565327,0.0,0.0,
1054.527263631816,189.81490745372685,0.20552631642361813,0.13363456298857668,95.60215575522045,20552.631642361812,13363.456298857667,9560.215575522045,0.0,0.0,
1056.5282641320662,190.1750875437719,0.20581373732444505,0.13324423174543998,95.71780805912721,20581.373732444506,13324.423174543997,9571.78080591272,0.0,0.0,
1058.5292646323162,190.53526763381691,0.2060449720626674,0.13277582206329216,95.80330425074797,20604.49720626674,13277.582206329216,9580.330425074797,0.0,0.0,
1060.5302651325665,190.89544772386196,0.2062166300341035,0.1322405682357505,95.85751808153631,20621.66300341035,13224.05682357505,9585.751808153631,0.0,0.0,
1062.5312656328165,191.25562781390695,0.20632660071279502,0.13165079034984928,95.88002992367521,20632.6600712795,13165.079034984929,9588.002992367521,0.0,0.0,
1064.5322661330665,191.61580790395197,0.2063740638175759,0.13101956578403826,95.87103466347128,20637.406381757588,13101.956578403826,9587.103466347127,0.0,0.0,
1066.5332666333168,191.97598799399702,0.20635946860925858,0.13036039956504253,95.83139658210769,20635.94686092586,13036.039956504253,9583.139658210768,0.0,0.0,
1068.5342671335668,192.33616808404201,0.20628448454432283,0.12968690493836108,95.7625563423364,20628.448454432284,12968.690493836108,9576.25563423364,0.0,0.0,
1070.535267633817,192.69634817408706,0.20615192634091986,0.12901250378844134,95.66652696946595,20615.192634091985,12901.250378844134,9566.652696946594,0.0,0.0,
1072.536268134067,193.05652826413206,0.20596565713013015,0.1283501544482625,95.5457874359136,20596.565713013017,12835.015444826251,9554.578743591359,0.0,0.0,
1074.5372686343173,193.4167083541771,0.20573047373500924,0.1277121121701952,95.40325965065317,20573.047373500925,12771.211217019521,9540.325965065316,0.0,0.0,
1076.5382691345674,193.77688844422212,0.20545197826908485,0.12710972528521178,95.24218958937877,20545.197826908483,12710.972528521177,9524.218958937876,0.0,0.0,
1078.5392696348174,194.13706853426712,0.20513644017924007,0.1265532680203234,95.06610214740728,20513.644017924005,12655.326802032341,9506.610214740727,0.0,0.0,
1080.5402701350677,194.49724862431216,0.20479065262804924,0.12605180919845174,94.87870176062732,20479.065262804925,12605.180919845174,9487.870176062732,0.0,0.0,
1082.5412706353177,194.85742871435718,0.20442178674524383,0.12561311468832906,94.68380087667848,20442.178674524384,12561.311468832906,9468.380087667847,0.0,0.0,
1084.542271135568,195.21760880440223,0.20403724683279065,0.12524358053742576,94.48524078411697,20403.724683279066,12524.358053742577,9448.524078411698,0.0,0.0,
1086.543271635818,195.57778889444722,0.20364452912022685,0.12494819320163233,94.28682065239495,20364.452912022683,12494.819320163233,9428.682065239494,0.0,0.0,
1088.5442721360682,195.93796898449227,0.2032510861784088,0.12473051314376342,94.09222851463849,20325.10861784088,12473.051314376342,9409.22285146385,0.0,0.0,
1090.5452726363183,196.2981490745373,0.20286419864140606,0.12459267824935745,93.90498140343435,20286.419864140607,12459.267824935745,9390.498140343434,0.0,0.0,
1092.5462731365683,196.65832916458228,0.20249085548282256,0.12453542393042648,93.72836854745925,20249.085548282255,12453.542393042648,9372.836854745925,0.0,0.0,
1094.5472736368185,197.01850925462733,0.20213764375950855,0.12455811737850617,93.56540466131779,20213.764375950854,12455.811737850616,9356.540466131779,0.0,0.0,
1096.5482741370686,197.37868934467232,0.20181064848093655,0.12465880411135746,93.41878634746274,20181.064848093654,12465.880411135746,9341.878634746274,0.0,0.0,
1098.5492746373188,197.73886943471737,0.2015153630863632,0.12483426566204317,93.2908587352831,20151.53630863632,12483.426566204316,9329.08587352831,0.0,0.0,
1100.5502751375689,198.0990495247624,0.20125661090942037,0.1250800879217908,93.1835848954006,20125.661090942038,12508.008792179078,9318.35848954006,0.0,0.0,
1102.551275637819,198.45922961480738,0.20103847796961502,0.12539074021530236,93.09852509767173,20103.8477969615,12539.074021530236,9309.852509767172,0.0,0.0,
1104.5522761380691,198.81940970485243,0.20086425743862746,0.12575966561522517,93.03681870269625,20086.425743862746,12575.966561522517,9303.681870269626,0.0,0.0,
1106.5532766383192,199.17958979489745,0.20073640616838553,0.12617938325794645,92.99917522325805,20073.640616838555,12617.938325794645,9299.917522325804,0.0,0.0,
1108.5542771385694,199.5397698849425,0.20065651371958962,0.12664160348309322,92.98586832581609,20065.65137195896,12664.160348309322,9298.586832581608,0.0,0.0,
1110.5552776388195,199.8999499749875,0.20062528437374963,0.12713735647277513,92.99674356766509,20062.528437374964,12713.735647277514,9299.674356766509,0.0,0.0,
1112.5562781390697,200.26013006503254,0.20064253263151946,0.12765713471453122,93.03119748709207,20064.253263151946,12765.713471453122,9303.119748709207,0.0,0.0,
1114.5572786393197,200.62031015507753,0.20070719267473808,0.12819104906782827,93.08824929968294,20070.719267473807,12819.104906782828,9308.824929968294,0.0,0.0,
1116.5582791395698,200.98049024512255,0.20081734219398245,0.12872899750527744,93.1664996265491,20081.734219398244,12872.899750527744,9316.64996265491,0.0,0.0,
1118.55927963982,201.3406703351676,0.2009702408322771,0.12926084476734687,93.26417347067145,20097.02408322771,12926.084476734686,9326.417347067145,0.0,0.0,
1120.56028014007,201.7008504252126,0.2011623832812075,0.12977661026742707,93.37918943357113,20116.23832812075,12977.661026742706,9337.918943357112,0.0,0.0,
1122.5612806403203,202.06103051525764,0.20138956677800832,0.13026666067733697,93.50913918054398,20138.95667780083,13026.666067733697,9350.913918054399,0.0,0.0,
1124.5622811405703,202.42121060530266,0.20164697239598112,0.13072190278402124,93.65137716349668,20164.69723959811,13072.190278402124,9365.137716349667,0.0,0.0,
1126.5632816408206,202.7813906953477,0.20192925912263635,0.13113397151129938,93.80304002152556,20192.925912263636,13113.397151129939,9380.304002152556,0.0,0.0,
1128.5642821410706,203.1415707853927,0.2022306692821524,0.1314954075173525,93.9611253746036,20223.066928215238,13149.54075173525,9396.11253746036,0.0,0.0,
1130.5652826413207,203.50175087543772,0.20254514342096977,0.13179981857066228,94.12252577345559,20254.514342096976,13179.981857066228,9412.25257734556,0.0,0.0,
1132.566283141571,203.86193096548277,0.202866442353114,0.13204201901864743,94.28411346805923,20286.6442353114,13204.201901864742,9428.411346805924,0.0,0.0,
1134.567283641821,204.22211105552776,0.20318827369485512,0.13221814211609925,94.44277841978052,20318.827369485512,13221.814211609924,9444.277841978052,0.0,0.0,
1136.5682841420712,204.5822911455728,0.2035044199250253,0.13232572076938987,94.59551990421684,20350.44199250253,13232.572076938986,9459.551990421684,0.0,0.0,
1138.5692846423212,204.9424712356178,0.20380886482293153,0.1323637333436665,94.73946542766669,20380.886482293154,13236.37333436665,9473.94654276667,0.0,0.0,
1140.5702851425713,205.30265132566282,0.20409591506759894,0.13233261251268702,94.87197400587019,20409.591506759894,13233.261251268703,9487.197400587018,0.0,0.0,
1142.5712856428215,205.66283141570787,0.20436031385540782,0.1322342166208532,94.99066224749637,20436.03138554078,13223.421662085319,9499.066224749637,0.0,0.0,
1144.5722861430716,206.02301150575286,0.20459734359514645,0.1320717645746132,95.09345983993983,20459.734359514645,13207.17645746132,9509.345983993982,0.0,0.0,
1146.5732866433218,206.3831915957979,0.20480291507533552,0.13184973677982725,95.17865104946067,20480.29150753355,13184.973677982725,9517.865104946068,0.0,0.0,
1148.5742871435718,206.74337168584293,0.20497364094421466,0.1315737459905076,95.24488296381688,20497.364094421468,13157.374599050761,9524.488296381687,0.0,0.0,
1150.575287643822,207.10355177588798,0.20510689187465594,0.1312503830437767,95.29122532709175,20510.689187465596,13125.038304377671,9529.122532709174,0.0,0.0,
1152.5762881440721,207.46373186593297,0.20520083437903658,0.13088704325906947,95.31717108583953,20520.083437903657,13088.704325906947,9531.717108583953,0.0,0.0,
1154.5772886443222,207.823911955978,0.20525444985134653,0.1304917397370497,95.32259679654024,20525.444985134654,13049.17397370497,9532.259679654024,0.0,0.0,
1156.5782891445724,208.18409204602304,0.20526753501596096,0.13007290989612041,95.3078298771112,20526.753501596097,13007.290989612042,9530.78298771112,0.0,0.0,
1158.5792896448224,208.54427213606803,0.20524068453022318,0.12963922135163167,95.27355639819885,20524.06845302232,12963.922135163166,9527.355639819885,0.0,0.0,
1160.5802901450727,208.90445222611308,0.20517525697543956,0.12919938271963644,95.22086320660192,20517.525697543955,12919.938271963643,9522.086320660192,0.0,0.0,
1162.5812906453227,209.26463231615807,0.20507332588503968,0.12876196417738742,95.15114473240229,20507.332588503967,12876.196417738742,9515.114473240228,0.0,0.0,
1164.582291145573,209.62481240620312,0.2049376177590955,0.1283352317113121,95.06611738905487,20493.76177590955,12833.523171131208,9506.611738905487,0.0,0.0,
1166.583291645823,209.98499249624814,0.20477143922255542,0.1279269980083545,94.96774433981642,20477.143922255542,12792.69980083545,9496.774433981642,0.0,0.0,
1168.584292146073,210.34517258629313,0.20457859558137959,0.12754449197201376,94.85818903854837,20457.85955813796,12754.449197201377,9485.818903854837,0.0,0.0,
1170.5852926463233,210.70535267633818,0.20436330304057967,0.12719424793420747,94.73978703457388,20436.330304057967,12719.424793420747,9473.978703457387,0.0,0.0,
1172.5862931465733,211.0655327663832,0.20413009677803123,0.12688201483789405,94.61497001754502,20413.009677803122,12688.201483789404,9461.497001754502,0.0,0.0,
1174.5872936468236,211.42571285642825,0.2038837369326131,0.12661268501669398,94.48624562145693,20388.37369326131,12661.268501669398,9448.624562145693,0.0,0.0,
1176.5882941470736,211.78589294647324,0.20362911439077389,0.12639024171371957,94.3561057256109,20362.91143907739,12639.024171371957,9435.61057256109,0.0,0.0,
1178.5892946473236,212.14607303651826,0.20337115804811487,0.12621772416418475,94.22702719410576,20337.11580481149,12621.772416418475,9422.702719410576,0.0,0.0,
1180.590295147574,212.50625312656328,0.20311474501296167,0.12609720890432213,94.10139903210687,20311.47450129617,12609.720890432214,9410.139903210687,0.0,0.0,
1182.591295647824,212.8664332166083,0.20286461500544495,0.12602980594159288,93.98148874881262,20286.461500544494,12602.980594159288,9398.148874881263,0.0,0.0,
1184.5922961480742,213.22661330665335,0.20262529001239632,0.12601566850058898,93.86941244219427,20262.529001239633,12601.566850058898,9386.941244219428,0.0,0.0,
1186.5932966483242,213.58679339669834,0.20240100008551218,0.12605401521375528,93.76707704824611,20240.100008551217,12605.401521375528,9376.70770482461,0.0,0.0,
1188.5942971485745,213.9469734867434,0.20219561602229577,0.1261431638233763,93.67618644581609,20219.561602229576,12614.316382337629,9367.61864458161,0.0,0.0,
1190.5952976488245,214.3071535767884,0.20201258955283244,0.1262805756695026,93.59819618463735,20201.258955283243,12628.05756695026,9359.819618463735,0.0,0.0,
1192.5962981490745,214.6673336668334,0.20185490155912758,0.1264629104285374,93.53430821189771,20185.490155912757,12646.291042853742,9353.430821189771,0.0,0.0,
1194.5972986493248,215.02751375687845,0.20172501878327095,0.12668609071427317,93.48542348648283,20172.501878327097,12668.609071427318,9348.542348648283,0.0,0.0,
1196.5982991495748,215.38769384692347,0.2016248594203474,0.12694537623733748,93.45217732789327,20162.485942034742,12694.537623733748,9345.217732789326,0.0,0.0,
1198.599299649825,215.74787393696852,0.20155576794529756,0.1272354472264184,93.43491247553862,20155.576794529756,12723.544722641842,9343.491247553862,0.0,0.0,
1200.600300150075,216.1080540270135,0.2015184994699074,0.12755049673755398,93.4336535455111,20151.84994699074,12755.049673755397,9343.365354551112,0.0,0.0,
1202.6013006503254,216.46823411705856,0.20151321386749288,0.1278843313154145,93.44815760066706,20151.32138674929,12788.43313154145,9344.815760066705,0.0,0.0,
1204.6023011505754,216.82841420710355,0.20153947983183365,0.12823047922887632,93.4779020131197,20153.947983183367,12823.047922887632,9347.790201311971,0.0,0.0,
1206.6033016508254,217.18859429714857,0.20159628893971057,0.12858230519495822,93.52206511538168,20159.628893971058,12858.230519495823,9352.206511538168,0.0,0.0,
1208.6043021510757,217.54877438719362,0.2016820796660005,0.128933130149523,93.57959779343534,20168.20796660005,12893.3130149523,9357.959779343533,0.0,0.0,
1210.6053026513257,217.9089544772386,0.2017947711567971,0.12927635424463557,93.64922320483444,20179.477115679707,12927.635424463557,9364.922320483443,0.0,0.0,
1212.606303151576,218.26913456728366,0.20193180639029373,0.1296055808797733,93.72942644973578,20193.180639029375,12960.558087977332,9372.942644973578,0.0,0.0,
1214.607303651826,218.62931465732868,0.20209020415903212,0.1299147392385339,93.81854149869801,20209.02041590321,12991.47392385339,9381.854149869801,0.0,0.0,
1216.608304152076,218.98949474737367,0.20226661909875596,0.13019820253564074,93.91475141031374,20226.661909875595,13019.820253564074,9391.475141031375,0.0,0.0,
1218.6093046523263,219.34967483741872,0.20245740876531254,0.13045089901015897,94.01612988815572,20245.740876531254,13045.089901015897,9401.612988815572,0.0,0.0,
1220.6103051525763,219.70985492746374,0.20265870654638188,0.13066841265472515,94.12066041218218,20265.870654638187,13066.841265472514,9412.066041218217,0.0,0.0,
1222.6113056528266,220.0700350175088,0.2028664989906944,0.13084707076464477,94.22631109294966,20286.649899069438,13084.707076464478,9422.631109294965,0.0,0.0,
1224.6123061530766,220.43021510755378,0.20307670596472877,0.13098401563328935,94.33104910021098,20307.670596472875,13098.401563328935,9433.104910021098,0.0,0.0,
1226.6133066533268,220.79039519759883,0.20328526190835225,0.13107725810888746,94.43288677831646,20328.526190835226,13107.725810888745,9443.288677831646,0.0,0.0,
1228.6143071535769,221.15057528764382,0.20348819637632523,0.13112571124917183,94.52992803672721,20348.81963763252,13112.571124917184,9452.992803672721,0.0,0.0,
1230.615307653827,221.51075537768884,0.20368171202461027,0.13112920294025418,94.62037799528754,20368.171202461028,13112.920294025418,9462.037799528754,0.0,0.0,
1232.6163081540772,221.8709354677339,0.2038622582337955,0.13108846705136207,94.70261509635216,20386.22582337955,13108.846705136206,9470.261509635216,0.0,0.0,
1234.6173086543272,222.23111555777888,0.20402659866442785,0.13100511343800758,94.77520550903547,20402.659866442784,13100.511343800757,9477.520550903548,0.0,0.0,
1236.6183091545774,222.59129564782393,0.20417187119873295,0.13088157783955984,94.83691061123848,20417.187119873295,13088.157783955983,9483.691061123847,0.0,0.0,
1238.6193096548275,222.95147573786895,0.20429563894085165,0.13072105340031046,94.88674189186193,20429.563894085164,13072.105340031045,9488.674189186193,0.0,0.0,
1240.6203101550777,223.311655827914,0.20439593121351934,0.13052740613701042,94.92396623014642,20439.593121351936,13052.740613701042,9492.396623014642,0.0,0.0,
1242.6213106553278,223.671835917959,0.20447127378517688,0.13030507714862907,94.94808807812963,20447.12737851769,13030.507714862908,9494.808807812962,0.0,0.0,
1244.6223111555778,224.032016008004,0.204520707877876,0.13005897469354766,94.95890205390057,20452.070787787598,13005.897469354766,9495.890205390057,0.0,0.0,
1246.623311655828,224.39219609804903,0.20454379783143506,0.12979435943442832,94.9564625413354,20454.379783143508,12979.435943442833,9495.64625413354,0.0,0.0,
1248.624312156078,224.75237618809405,0.20454062760827418,0.12951672617173782,94.94106606628426,20454.06276082742,12951.672617173781,9494.106606628426,0.0,0.0,
1250.6253126563283,225.1125562781391,0.2045117866134434,0.1292316852644271,94.91327303962755,20451.17866134434,12923.16852644271,9491.327303962755,0.0,0.0,
1252.6263131565784,225.4727363681841,0.20445834556119652,0.12894484669048456,94.8738763725194,20445.83455611965,12894.484669048456,9487.38763725194,0.0,0.0,
1254.6273136568286,225.83291645822914,0.2043818233311068,0.12866170935749174,94.82385211590618,20438.18233311068,12866.170935749175,9482.385211590617,0.0,0.0,
1256.6283141570786,226.19309654827416,0.20428414592222097,0.1283875578643528,94.76438023304387,20428.414592222096,12838.75578643528,9476.438023304387,0.0,0.0,
1258.6293146573287,226.55327663831915,0.20416759873389656,0.12812736847143097,94.69679049126574,20416.759873389656,12812.736847143096,9469.679049126575,0.0,0.0,
1260.630315157579,226.9134567283642,0.20403477346791524,0.12788572558707456,94.62254330556898,20403.477346791522,12788.572558707456,9462.254330556898,0.0,0.0,
1262.631315657829,227.27363681840922,0.20388851097358207,0.12766674965009506,94.54317033833604,20388.85109735821,12766.674965009506,9454.317033833604,0.0,0.0,
1264.6323161580792,227.63381690845426,0.20373184134095243,0.1274740369008046,94.46028587087937,20373.18413409524,12747.40369008046,9446.028587087938,0.0,0.0,
1266.6333166583292,227.99399699849926,0.2035679225041874,0.12731061120243128,94.37552674383892,20356.79225041874,12731.061120243128,9437.552674383893,0.0,0.0,
1268.6343171585793,228.35417708854428,0.20339997854268504,0.12717888780816355,94.29053455477447,20339.997854268506,12717.888780816356,9429.053455477446,0.0,0.0,
1270.6353176588295,228.7143571785893,0.20323123878177166,0.12708064876898087,94.20689792257537,20323.123878177164,12708.064876898086,9420.689792257537,0.0,0.0,
1272.6363181590796,229.07453726863432,0.20306487869368753,0.1270170295404239,94.12616263970204,20306.487869368753,12701.70295404239,9412.616263970205,0.0,0.0,
1274.6373186593298,229.43471735867936,0.20290396349967676,0.12698851626507598,94.04978694222753,20290.396349967676,12698.851626507598,9404.978694222753,0.0,0.0,
1276.6383191595799,229.79489744872436,0.2027513952694709,0.1269949531708845,93.97910166921099,20275.13952694709,12699.49531708845,9397.9101669211,0.0,0.0,
1278.63931965983,230.1550775387694,0.2026098642166185,0.12703555952092013,93.91531787488302,20260.98642166185,12703.555952092012,9391.531787488302,0.0,0.0,
1280.6403201600801,230.51525762881442,0.2024818047978876,0.12710895556424648,93.85949754292659,20248.18047978876,12710.895556424648,9385.949754292658,0.0,0.0,
1282.6413206603302,230.87543771885942,0.20236935713864038,0.1272131969569603,93.81251747993294,20236.935713864037,12721.31969569603,9381.251747993294,0.0,0.0,
1284.6423211605804,231.23561780890446,0.20227433422717797,0.12734581713518373,93.77509648240743,20227.433422717797,12734.581713518373,9377.509648240743,0.0,0.0,
1286.6433216608305,231.59579789894948,0.20219819525032603,0.12750387711776662,93.74774494392976,20219.819525032603,12750.387711776662,9374.774494392976,0.0,0.0,
1288.6443221610807,231.9559779889945,0.20214202536821144,0.1276840221880392,93.73079213627656,20214.202536821143,12768.40221880392,9373.079213627656,0.0,0.0,
1290.6453226613307,232.31615807903952,0.20210652215920583,0.12788254484671105,93.7243756261738,20210.65221592058,12788.254484671104,9372.437562617379,0.0,0.0,
1292.646323161581,232.67633816908457,0.20209198889132343,0.1280954533404484,93.72841427942124,20209.19888913234,12809.545334044838,9372.841427942125,0.0,0.0,
1294.647323661831,233.03651825912956,0.20209833469737934,0.1283185449548067,93.74265793617289,20209.833469737932,12831.854495480671,9374.26579361729,0.0,0.0,
1296.648324162081,233.39669834917459,0.20212508164893425,0.1285474831212585,93.76666871381708,20212.508164893425,12854.74831212585,9376.666871381709,0.0,0.0,
1298.6493246623313,233.75687843921963,0.20217137862732326,0.12877787723404244,93.79981850504997,20217.137862732325,12877.787723404244,9379.981850504997,0.0,0.0,
1300.6503251625813,234.11705852926463,0.20223602178791347,0.12900536391415385,93.84133650245226,20223.60217879135,12900.536391415384,9384.133650245227,0.0,0.0,
1302.6513256628316,234.47723861930967,0.20231748130430693,0.12922568830734127,93.89030994820847,20231.748130430693,12922.568830734126,9389.030994820847,0.0,0.0,
1304.6523261630816,234.8374187093547,0.2024139339599159,0.12943478387376506,93.94567999385451,20241.39339599159,12943.478387376506,9394.567999385452,0.0,0.0,
1306.6533266633317,235.19759879939969,0.20252330103294552,0.1296288490324042,94.00630118507104,20252.330103294553,12962.884903240421,9400.630118507104,0.0,0.0,
1308.654327163582,235.55777888944473,0.202643290802632,0.12980441897567369,94.07094066812024,20264.3290802632,12980.441897567369,9407.094066812024,0.0,0.0,
1310.655327663832,235.91795897948975,0.2027714448863688,0.12995843097915033,94.13831572078152,20277.14448863688,12995.843097915033,9413.831572078152,0.0,0.0,
1312.6563281640822,236.27813906953477,0.20290518751470296,0.13008828160505098,94.2070895564033,20290.518751470296,13008.828160505098,9420.70895564033,0.0,0.0,
1314.6573286643322,236.6383191595798,0.20304187675981156,0.13019187433933999,94.27593744563427,20304.187675981157,13019.187433934,9427.593744563426,0.0,0.0,
1316.6583291645825,236.99849924962484,0.20317885666838634,0.13026765641009172,94.34355430290839,20317.885666838632,13026.765641009171,9434.355430290838,0.0,0.0,
1318.6593296648325,237.35867933966983,0.20331350920561786,0.1303146438032207,94.40866149814619,20331.350920561785,13031.46438032207,9440.86614981462,0.0,0.0,
1320.6603301650825,237.71885942971485,0.20344330490459436,0.13033243381096615,94.47006976465751,20344.330490459437,13033.243381096616,9447.006976465751,0.0,0.0,
1322.6613306653328,238.0790395197599,0.20356585113732628,0.13032120480474063,94.52666109155258,20356.585113732628,13032.120480474063,9452.666109155258,0.0,0.0,
1324.6623311655828,238.4392196098049,0.20367893697198652,0.1302817033002952,94.57744168797427,20367.89369719865,13028.170330029521,9457.744168797428,0.0,0.0,
1326.663331665833,238.79939969984994,0.2037805736681422,0.13021521876133932,94.62154823648967,20378.05736681422,13021.521876133931,9462.154823648967,0.0,0.0,
1328.664332166083,239.15957978989496,0.20386902997261624,0.13012354694889602,94.6582535274118,20386.902997261623,13012.354694889602,9465.82535274118,0.0,0.0,
1330.6653326663334,239.51975987994,0.2039428615170494,0.13000894295017631,94.68698593324032,20394.286151704942,13000.894295017632,9468.698593324032,0.0,0.0,
1332.6663331665834,239.879939969985,0.20400093377639236,0.12987406529729772,94.70734599678687,20400.093377639238,12987.406529729773,9470.734599678686,0.0,0.0,
1334.6673336668334,240.24012006003,0.20404243821867624,0.12972191280089565,94.71910882691354,20404.243821867625,12972.191280089564,9471.910882691354,0.0,0.0,
1336.6683341670837,240.60030015007504,0.20406690145420348,0.12955575586896004,94.72220002556577,20406.690145420347,12955.575586896004,9472.220002556576,0.0,0.0,
1338.6693346673337,240.96048024012006,0.20407418736840205,0.1293790641540028,94.71673841345827,20407.418736840205,12937.906415400279,9471.673841345828,0.0,0.0,
1340.670335167584,241.3206603301651,0.20406449239633934,0.12919543237349562,94.70298439196311,20406.449239633934,12919.543237349562,9470.298439196311,0.0,0.0,
1342.671335667834,241.6808404202101,0.20403833425035606,0.12900850608491218,94.68136667566951,20403.833425035606,12900.850608491219,9468.13666756695,0.0,0.0,
1344.6723361680843,242.04102051025515,0.20399653455615205,0.1288219090768822,94.65245972848211,20399.653455615204,12882.19090768822,9465.245972848212,0.0,0.0,
1346.6733366683343,242.40120060030017,0.20394019596935295,0.12863917387327103,94.6169467489478,20394.019596935294,12863.917387327103,9461.69467489478,0.0,0.0,
1348.6743371685843,242.76138069034516,0.20387067443931858,0.1284636766504165,94.57563943095982,20387.067443931857,12846.36766504165,9457.563943095982,0.0,0.0,
1350.6753376688346,243.1215607803902,0.2037895473599308,0.12829857765252145,94.5294451343422,20378.95473599308,12829.857765252145,9452.94451343422,0.0,0.0,
1352.6763381690846,243.48174087043523,0.20369857839160124,0.12814676796879276,94.47932560209728,20369.857839160126,12814.676796879276,9447.932560209727,0.0,0.0,
1354.6773386693349,243.84192096048025,0.2035996797620711,0.12801082331948202,94.42631294219852,20359.96797620711,12801.082331948202,9442.631294219853,0.0,0.0,
1356.678339169585,244.20210105052527,0.20349487285876575,0.12789296529552793,94.3714735531354,20349.487285876574,12789.296529552794,9437.14735531354,0.0,0.0,
1358.679339669835,244.56228114057026,0.203386247908591,0.12779503031449568,94.31586774652926,20338.6247908591,12779.503031449569,9431.586774652926,0.0,0.0,
1360.6803401700852,244.9224612306153,0.20327592351125595,0.1277184463980097,94.26056898349194,20327.592351125597,12771.84463980097,9426.056898349194,0.0,0.0,
1362.6813406703352,245.28264132066033,0.20316600675365928,0.12766421774437653,94.20660245058197,20316.600675365928,12766.421774437653,9420.660245058198,0.0,0.0,
1364.6823411705855,245.64282141070538,0.2030585545794615,0.12763291696375467,94.154960050034,20305.855457946152,12763.291696375467,9415.4960050034,0.0,0.0,
1366.6833416708355,246.00300150075037,0.20295553703606237,0.12762468475962246,94.10656965408214,20295.553703606238,12762.468475962247,9410.656965408214,0.0,0.0,
1368.6843421710857,246.36318159079542,0.20285880295995773,0.12763923677532527,94.06227274622583,20285.880295995772,12763.923677532526,9406.227274622583,0.0,0.0,
1370.6853426713358,246.72336168084044,0.20277004860116465,0.12767587727344143,94.0228189809709,20277.004860116467,12767.587727344144,9402.28189809709,0.0,0.0,
1372.6863431715858,247.08354177088543,0.20269078962616227,0.1277335192734148,93.98885973666944,20269.078962616226,12773.35192734148,9398.885973666944,0.0,0.0,
1374.687343671836,247.44372186093048,0.20262233687707346,0.12781071073434558,93.9609263478574,20262.233687707347,12781.071073434558,9396.09263478574,0.0,0.0,
1376.688344172086,247.8039019509755,0.20256577620252875,0.12790566633057288,93.93942997919126,20256.577620252876,12790.566633057288,9393.942997919126,0.0,0.0,
1378.6893446723363,248.16408204102052,0.2025219526147077,0.12801630432423394,93.92465021862722,20252.19526147077,12801.630432423393,9392.465021862721,0.0,0.0,
1380.6903451725864,248.52426213106554,0.20249145896365167,0.12814028798898797,93.9167493504779,20249.145896365168,12814.028798898797,9391.67493504779,0.0,0.0,
1382.6913456728366,248.8844422211106,0.20247462925748946,0.12827507098166038,93.91574173736745,20247.462925748947,12827.507098166037,9391.574173736746,0.0,0.0,
1384.6923461730867,249.24462231115558,0.20247153668917067,0.12841794599414005,93.9215329265458,20247.153668917068,12841.794599414005,9392.153292654579,0.0,0.0,
1386.6933466733367,249.6048024012006,0.202481996365544,0.12856609594851193,93.9338829921096,20248.1996365544,12856.609594851192,9393.388299210961,0.0,0.0,
1388.694347173587,249.96498249124565,0.20250557266026747,0.12871664692725013,93.95244838257578,20250.557266026746,12871.664692725013,9395.244838257579,0.0,0.0,
1390.695347673837,250.32516258129064,0.2025415910426498,0.1288667219618672,93.97677861447559,20254.159104264978,12886.672196186719,9397.677861447559,0.0,0.0,
1392.6963481740872,250.6853426713357,0.20258915415789128,0.1290134947427205,94.00630309387608,20258.915415789128,12901.34947427205,9400.630309387609,0.0,0.0,
1394.6973486743373,251.0455227613807,0.20264716185845089,0.129154242265375,94.0403802033486,20264.71618584509,12915.4242265375,9404.038020334861,0.0,0.0,
1396.6983491745873,251.4057028514257,0.20271433481420284,0.12928639540058984,94.07829545016294,20271.433481420285,12928.639540058984,9407.829545016293,0.0,0.0,
1398.6993496748375,251.76588294147075,0.20278924125542924,0.12940758637064692,94.11925442468026,20278.924125542922,12940.758637064691,9411.925442468026,0.0,0.0,
1400.7003501750876,252.12606303151574,0.20287032633589538,0.12951569213863023,94.1624345676838,20287.032633589537,12951.569213863024,9416.24345676838,0.0,0.0,
1402.7013506753378,252.4862431215608,0.2029559435463633,0.1296088727722727,94.20698591072035,20295.59435463633,12960.88727722727,9420.698591072034,0.0,0.0,
1404.7023511755879,252.8464232116058,0.203044387557768,0.1296856039312676,94.25202964883636,20304.4387557768,12968.56039312676,9425.202964883636,0.0,0.0,
1406.7033516758381,253.20660330165086,0.20313392783639792,0.1297447027459304,94.29671101498437,20313.392783639792,12974.470274593039,9429.671101498438,0.0,0.0,
1408.7043521760882,253.56678339169585,0.20322284235332888,0.1297853465032322,94.34018319034574,20322.28423533289,12978.53465032322,9434.018319034574,0.0,0.0,
1410.7053526763382,253.92696348174087,0.20330945070102685,0.12980708372896252,94.38163850552118,20330.945070102684,12980.708372896252,9438.163850552119,0.0,0.0,
1412.7063531765884,254.28714357178592,0.20339214594308094,0.12980983744612756,94.42032718925192,20339.214594308094,12980.983744612757,9442.032718925193,0.0,0.0,
1414.7073536768385,254.6473236618309,0.20346942455063718,0.12979390059212478,94.45555935458033,20346.94245506372,12979.39005921248,9445.555935458033,0.0,0.0,
1416.7083541770887,255.00750375187596,0.20353991382401826,0.12975992378252027,94.4867267307046,20353.991382401826,12975.992378252027,9448.67267307046,0.0,0.0,
1418.7093546773388,255.36768384192098,0.20360239626017118,0.12970889580881975,94.51332261401805,20360.23962601712,12970.889580881974,9451.332261401805,0.0,0.0,
1420.710355177589,255.727863931966,0.20365583040264854,0.12964211744312407,94.53489990870202,20365.583040264853,12964.211744312406,9453.489990870201,0.0,0.0,
1422.711355677839,256.088044022011,0.20369936779499234,0.12956116928643732,94.55115035926492,20369.936779499236,12956.116928643733,9455.115035926492,0.0,0.0,
1424.712356178089,256.44822411205604,0.2037323657597696,0.1294678745335459,94.56186276118859,20373.23657597696,12946.787453354591,9456.186276118859,0.0,0.0,
1426.7133566783393,256.8084042021011,0.20375439582156527,0.12936425763100326,94.56694030947806,20375.439582156527,12936.425763100326,9456.694030947805,0.0,0.0,
1428.7143571785894,257.1685842921461,0.20376524769905846,0.12925249987334947,94.56639065316752,20376.524769905845,12925.249987334946,9456.639065316751,0.0,0.0,
1430.7153576788396,257.5287643821911,0.20376492889177977,0.12913489301536976,94.56032729748719,20376.49288917798,12913.489301536976,9456.032729748718,0.0,0.0,
1432.7163581790896,257.8889444722361,0.2037536599852011,0.12901379197617788,94.54897860659764,20375.36599852011,12901.379197617787,9454.897860659765,0.0,0.0,
1434.7173586793397,258.2491245622811,0.20373186588856787,0.12889156767700505,94.53265456161652,20373.186588856788,12889.156767700504,9453.265456161653,0.0,0.0,
1436.71835917959,258.60930465232616,0.20370016329857654,0.12877056099295384,94.51176457891317,20370.016329857655,12877.056099295383,9451.176457891317,0.0,0.0,
1438.71935967984,258.9694847423712,0.20365934475339262,0.1286530387148739,94.48679965806198,20365.93447533926,12865.303871487391,9448.6799658062,0.0,0.0,
1440.7203601800902,259.32966483241626,0.20361035969665145,0.12854115231656021,94.45830332216524,20361.035969665147,12854.115231656022,9445.830332216523,0.0,0.0,
1442.7213606803402,259.68984492246125,0.20355429301406877,0.12843690021053777,94.42689343637578,20355.429301406875,12843.690021053777,9442.689343637578,0.0,0.0,
1444.7223611805905,260.0500250125063,0.20349234153800397,0.12834209405835453,94.39321330068803,20349.234153800397,12834.209405835454,9439.321330068804,0.0,0.0,
1446.7233616808405,260.4102051025513,0.20342578902979522,0.12825832958341252,94.35795168007026,20342.578902979523,12825.832958341252,9435.795168007025,0.0,0.0,
1448.7243621810906,260.7703851925963,0.20335598015923256,0.1281869622201777,94.32179907767627,20335.598015923257,12818.69622201777,9432.179907767628,0.0,0.0,
1450.7253626813408,261.1305652826413,0.2032842939928668,0.1281290878260894,94.28546086139805,20328.42939928668,12812.90878260894,9428.546086139804,0.0,0.0,
1452.7263631815908,261.4907453726863,0.20321211749206797,0.12808552858385408,94.2496212094186,20321.211749206796,12808.552858385408,9424.96212094186,0.0,0.0,
1454.727363681841,261.85092546273137,0.20314081949777976,0.1280568241329766,94.21494859751314,20314.081949777978,12805.682413297658,9421.494859751314,0.0,0.0,
1456.7283641820911,262.2111055527764,0.2030717256530535,0.12804322789059813,94.18207234585307,20307.17256530535,12804.322789059814,9418.207234585307,0.0,0.0,
1458.7293646823414,262.57128564282146,0.20300609467980824,0.1280447084522452,94.1515823835483,20300.609467980823,12804.47084522452,9415.15823835483,0.0,0.0,
1460.7303651825914,262.93146573286646,0.20294509639042954,0.12806095590182634,94.1240008722106,20294.509639042953,12806.095590182635,9412.40008722106,0.0,0.0,
1462.7313656828414,263.29164582291145,0.20288979177303101,0.12809139280553322,94.0997922832733,20288.979177303103,12809.139280553321,9409.979228327331,0.0,0.0,
1464.7323661830917,263.6518259129565,0.20284111544814037,0.1281351896145931,94.07934667101449,20284.111544814037,12813.518961459311,9407.93466710145,0.0,0.0,
1466.7333666833417,264.0120060030015,0.20279986074850068,0.12819128415542413,94.06298329719374,20279.98607485007,12819.128415542413,9406.298329719373,0.0,0.0,
1468.734367183592,264.37218609304654,0.2027666676286672,0.1282584048413837,94.05092704928347,20276.66676286672,12825.84048413837,9405.092704928347,0.0,0.0,
1470.735367683842,264.73236618309153,0.2027420135619758,0.12833509719699365,94.0433335173673,20274.20135619758,12833.509719699365,9404.33335173673,0.0,0.0,
1472.736368184092,265.0925462731366,0.2027262075360626,0.12841975324294913,94.04025498103053,20272.62075360626,12841.975324294914,9404.025498103052,0.0,0.0,
1474.7373686843423,265.4527263631816,0.20271938720542862,0.12851064324843353,94.0416706655707,20271.93872054286,12851.064324843353,9404.167066557071,0.0,0.0,
1476.7383691845923,265.8129064532266,0.20272151921166343,0.12860594931716135,94.04748683926367,20272.151921166344,12860.594931716136,9404.748683926367,0.0,0.0,
1478.7393696848426,266.17308654327167,0.2027324026297019,0.1287038002363537,94.05749053307625,20273.24026297019,12870.380023635369,9405.749053307625,0.0,0.0,
1480.7403701850926,266.53326663331666,0.20275167544462228,0.12880230698531395,94.07142903639189,20275.167544462227,12880.230698531395,9407.14290363919,0.0,0.0,
1482.7413706853429,266.8934467233617,0.20277882391760477,0.12889959827461736,94.08896924020102,20277.882391760475,12889.959827461736,9408.896924020102,0.0,0.0,
1484.742371185593,267.2536268134067,0.20281319464408354,0.12899385547022385,94.10971986153555,20281.319464408352,12899.385547022384,9410.971986153556,0.0,0.0,
1486.743371685843,267.61380690345175,0.20285400906227688,0.12908334625154425,94.13322943713949,20285.40090622769,12908.334625154424,9413.322943713949,0.0,0.0,
1488.7443721860932,267.97398699349674,0.20290038012330155,0.1291664563605295,94.1590020943819,20290.038012330155,12916.64563605295,9415.90020943819,0.0,0.0,
1490.7453726863432,268.3341670835418,0.2029513307935173,0.1292417188219344,94.18651544756496,20295.13307935173,12924.17188219344,9418.651544756496,0.0,0.0,
1492.7463731865935,268.69434717358683,0.2030058140238319,0.1293078400540739,94.21521563154607,20300.581402383188,12930.78400540739,9421.521563154607,0.0,0.0,
1494.7473736868435,269.0545272636318,0.20306273379017586,0.1293637223449874,94.24453793235746,20306.273379017588,12936.372234498738,9424.453793235745,0.0,0.0,
1496.7483741870938,269.4147073536769,0.20312096678842323,0.1294084822405307,94.27391519840079,20312.096678842325,12940.84822405307,9427.39151984008,0.0,0.0,
1498.7493746873438,269.77488744372187,0.20317938435287858,0.12944146447717966,94.30278902673334,20317.93843528786,12944.146447717967,9430.278902673334,0.0,0.0,
1500.7503751875938,270.13506753376686,0.2032368741634332,0.12946225119114188,94.33062474725274,20323.68741634332,12946.225119114188,9433.062474725275,0.0,0.0,
1502.751375687844,270.4952476238119,0.20329236131236272,0.12947066624383782,94.35690873601345,20329.236131236274,12947.066624383782,9435.690873601345,0.0,0.0,
1504.752376188094,270.85542771385695,0.20334482831645426,0.12946677461842004,94.38117010798487,20334.482831645426,12946.677461842004,9438.117010798487,0.0,0.0,
1506.7533766883444,271.215607803902,0.2033933336864852,0.12945087695886612,94.40298460717052,20339.33336864852,12945.087695886612,9440.298460717053,0.0,0.0,
1508.7543771885944,271.575787893947,0.20343702869973165,0.12942349943814016,94.42198217924675,20343.702869973164,12942.349943814015,9442.198217924675,0.0,0.0,
1510.7553776888446,271.93596798399204,0.20347517206428042,0.1293853792509261,94.43785323743323,20347.51720642804,12938.53792509261,9443.785323743323,0.0,0.0,
1512.7563781890947,272.29614807403703,0.20350714221371013,0.12933744612566106,94.45035358923529,20350.714221371014,12933.744612566106,9445.03535892353,0.0,0.0,
1514.7573786893447,272.656328164082,0.20353244702618312,0.1292808003367216,94.45930797543483,20353.24470261831,12928.08003367216,9445.930797543482,0.0,0.0,
1516.758379189595,273.0165082541271,0.20355073082146305,0.12921668776798645,94.46461015998743,20355.073082146304,12921.668776798644,9446.461015998742,0.0,0.0,
1518.759379689845,273.37668834417207,0.20356177855082247,0.12914647263174403,94.46623306320917,20356.177855082246,12914.647263174404,9446.623306320917,0.0,0.0,
1520.7603801900952,273.7368684342171,0.2035655171575499,0.1290716084810541,94.46420762796721,20356.551715754988,12907.160848105408,9446.42076279672,0.0,0.0,
1522.7613806903453,274.09704852426216,0.20356201414494293,0.12899360816904692,94.45865027398003,20356.201414494295,12899.360816904693,9445.865027398002,0.0,0.0,
1524.7623811905953,274.45722861430716,0.20355147344890814,0.128914013406017,94.44972345342217,20355.147344890815,12891.401340601698,9444.972345342216,0.0,0.0,
1526.7633816908456,274.8174087043522,0.20353422876240262,0.1288343645458551,94.43767133562237,20353.422876240264,12883.43645458551,9443.767133562236,0.0,0.0,
1528.7643821910956,275.1775887943972,0.20351073451059454,0.12875617119950264,94.42277157777913,20351.073451059452,12875.617119950264,9442.277157777913,0.0,0.0,
1530.7653826913458,275.53776888444224,0.20348155471289867,0.12868088422694599,94.40536493931937,20348.155471289865,12868.088422694598,9440.536493931937,0.0,0.0,
1532.7663831915959,275.89794897448724,0.20344735000582595,0.1286098696036132,94.38584690879065,20344.735000582594,12860.98696036132,9438.584690879066,0.0,0.0,
1534.7673836918461,276.2581290645323,0.2034088631262325,0.12854438459444573,94.36459789963553,20340.88631262325,12854.438459444573,9436.459789963552,0.0,0.0,
1536.7683841920962,276.6183091545773,0.2033669031708458,0.12848555660201913,94.34206630919654,20336.69031708458,12848.555660201913,9434.206630919654,0.0,0.0,
1538.7693846923462,276.9784892446223,0.2033223289664404,0.12843436498635755,94.31870256530776,20332.23289664404,12843.436498635754,9431.870256530776,0.0,0.0,
1540.7703851925964,277.3386693346674,0.20327603188334215,0.1283916260852864,94.29496422250384,20327.603188334215,12839.162608528639,9429.496422250384,0.0,0.0,
1542.7713856928465,277.69884942471236,0.2032289184272159,0.1283579815971715,94.27130709455612,20322.89184272159,12835.79815971715,9427.130709455612,0.0,0.0,
1544.7723861930967,278.0590295147574,0.2031818929352744,0.12833389042371568,94.24817914278702,20318.189293527437,12833.389042371567,9424.817914278703,0.0,0.0,
1546.7733866933468,278.4192096048024,0.20313584069062285,0.12831962400996416,94.22600286727732,20313.584069062286,12831.962400996415,9422.600286727731,0.0,0.0,
1548.774387193597,278.77938969484745,0.20309161175042173,0.12831526516217853,94.20517892644226,20309.161175042173,12831.526516217853,9420.517892644226,0.0,0.0,
1550.775387693847,279.13956978489244,0.203050005763007,0.12832071027188036,94.18607449501366,20305.0005763007,12832.071027188036,9418.607449501365,0.0,0.0,
1552.776388194097,279.49974987493744,0.2030117580235856,0.12833567482595654,94.16901729123013,20301.17580235856,12833.567482595654,9416.901729123014,0.0,0.0,
1554.7773886943473,279.8599299649825,0.202977526990827,0.12835970203800284,94.15429033153109,20297.7526990827,12835.970203800285,9415.429033153108,0.0,0.0,
1556.7783891945974,280.22011005502753,0.2029478834566407,0.12839217439469233,94.14212755755315,20294.78834566407,12839.217439469234,9414.212755755316,0.0,0.0,
1558.7793896948476,280.5802901450726,0.20292330152954807,0.12843232787260006,94.13271043138896,20292.330152954808,12843.232787260005,9413.271043138895,0.0,0.0,
1560.7803901950977,280.9404702351176,0.20290415155863878,0.12847926854537894,94.12616555198379,20290.415155863877,12847.926854537895,9412.61655519838,0.0,0.0,
1562.7813906953477,281.30065032516256,0.20289069509049254,0.12853199126843146,94.12256331553286,20289.069509049255,12853.199126843145,9412.256331553286,0.0,0.0,
1564.782391195598,281.6608304152076,0.20288308191597795,0.12858940009840766,94.12191762495303,20288.308191597796,12858.940009840766,9412.191762495302,0.0,0.0,
1566.783391695848,282.0210105052526,0.2028813492278646,0.1286503300783508,94.12418483835614,20288.13492278646,12865.03300783508,9412.418483835614,0.0,0.0,
1568.7843921960982,282.38119059529765,0.20288542287384898,0.1287135699966704,94.12927393787035,20288.5422873849,12871.356999667041,9412.927393787035,0.0,0.0,
1570.7853926963483,282.7413706853427,0.20289512065427495,0.1287778857101009,94.13703142151253,20289.512065427494,12877.78857101009,9413.703142151253,0.0,0.0,
1572.7863931965985,283.1015507753877,0.20291015757723949,0.1288420436082225,94.14726995741746,20291.015757723948,12884.204360822248,9414.726995741747,0.0,0.0,
1574.7873936968485,283.46173086543274,0.20293015295181233,0.1289048337909575,94.15974341665533,20293.015295181234,12890.48337909575,9415.974341665533,0.0,0.0,
1576.7883941970986,283.82191095547773,0.202954639165064,0.12896509253149782,94.1741844719818,20295.4639165064,12896.509253149783,9417.41844719818,0.0,0.0,
1578.7893946973488,284.1820910455228,0.2029830719616721,0.12902172360627073,94.190279102935,20298.30719616721,12902.172360627073,9419.0279102935,0.0,0.0,
1580.7903951975989,284.5422711355678,0.20301484201482942,0.1290737180912641,94.20769193762685,20301.48420148294,12907.37180912641,9420.769193762684,0.0,0.0,
1582.791395697849,284.9024512256128,0.2030492875560565,0.1291201722507726,94.226076164238,20304.92875560565,12912.01722507726,9422.6076164238,0.0,0.0,
1584.7923961980991,285.2626313156578,0.2030857078115814,0.129160303180294,94.24506187788515,20308.570781158138,12916.030318029401,9424.506187788515,0.0,0.0,
1586.7933966983494,285.62281140570286,0.2031233769777675,0.12919346190958572,94.26427942032306,20312.33769777675,12919.346190958573,9426.427942032306,0.0,0.0,
1588.7943971985994,285.9829914957479,0.20316155846038622,0.1292191437240532,94.2833608096533,20316.155846038622,12921.91437240532,9428.33608096533,0.0,0.0,
1590.7953976988495,286.3431715857929,0.2031995190979743,0.1292369955215201,94.30194696705527,20319.95190979743,12923.69955215201,9430.194696705526,0.0,0.0,
1592.7963981990997,286.70335167583795,0.20323654309231828,0.12924682008559224,94.31969451815779,20323.654309231828,12924.682008559224,9431.96945181578,0.0,0.0,
1594.7973986993497,287.06353176588294,0.20327194537732993,0.12924857722450026,94.33628211908645,20327.194537732994,12924.857722450026,9433.628211908645,0.0,0.0,
1596.7983991996,287.423711855928,0.20330508417168552,0.1292423817935274,94.3514162346225,20330.508417168552,12924.23817935274,9435.14162346225,0.0,0.0,
1598.79939969985,287.783891945973,0.20333537248023623,0.12922849868781627,94.36483627741457,20333.537248023622,12922.849868781628,9436.483627741456,0.0,0.0,
1600.8004002001003,288.14407203601803,0.20336228833388237,0.1292073349584052,94.37631901832016,20336.228833388235,12920.733495840519,9437.631901832016,0.0,0.0,
1602.8014007003503,288.504252126063,0.2033853835867179,0.12917942926577108,94.38568219426124,20338.53835867179,12917.942926577109,9438.568219426124,0.0,0.0,
1604.8024012006003,288.86443221610807,0.20340429112202482,0.12914543894013583,94.39278726087431,20340.42911220248,12914.543894013583,9439.278726087432,0.0,0.0,
1606.8034017008506,289.2246123061531,0.20341873035425073,0.12910612496479906,94.39754124948404,20341.873035425073,12910.612496479906,9439.754124948404,0.0,0.0,
1608.8044022011006,289.5847923961981,0.20342851095149117,0.1290623352365982,94.39989770259065,20342.851095149115,12906.233523659821,9439.989770259064,0.0,0.0,
1610.8054027013509,289.94497248624316,0.20343353474122852,0.1290149864854777,94.39985668556888,20343.35347412285,12901.498648547771,9439.985668556888,0.0,0.0,
1612.806403201601,290.30515257628815,0.20343379580017254,0.1289650452526828,94.39746389455968,20343.379580017256,12896.50452526828,9439.746389455968,0.0,0.0,
1614.807403701851,290.66533266633314,0.20342937876605882,0.1289135083343029,94.39280889815367,20342.937876605884,12891.35083343029,9439.280889815367,0.0,0.0,
1616.8084042021012,291.0255127563782,0.20342045544432202,0.1288613830941703,94.38602256658909,20342.045544432203,12886.13830941703,9438.602256658909,0.0,0.0,
1618.8094047023512,291.3856928464232,0.20340727981490545,0.12880966803819724,94.37727375745519,20340.727981490545,12880.966803819723,9437.727375745519,0.0,0.0,
1620.8104052026015,291.74587293646823,0.2033901815734532,0.12875933402209447,94.3667653399351,20339.01815734532,12875.933402209446,9436.67653399351,0.0,0.0,
1622.8114057028515,292.1060530265133,0.2033695583662512,0.12871130643723228,94.35472965101006,20336.95583662512,12871.130643723227,9435.472965101006,0.0,0.0,
1624.8124062031018,292.4662331165583,0.20334586689917516,0.12866644868646773,94.34142348570596,20334.586689917516,12866.644868646774,9434.142348570596,0.0,0.0,
1626.8134067033518,292.8264132066033,0.20331961311734728,0.12862554722439237,94.32712272965364,20331.96131173473,12862.554722439238,9432.712272965364,0.0,0.0,
1628.8144072036018,293.1865932966483,0.20329134166410748,0.12858929839594332,94.31211674589824,20329.13416641075,12858.929839594333,9431.211674589824,0.0,0.0,
1630.815407703852,293.54677338669336,0.20326162483530552,0.12855829726486726,94.29670262912752,20326.162483530552,12855.829726486725,9429.670262912752,0.0,0.0,
1632.8164082041021,293.90695347673835,0.20323105124794588,0.12853302858020343,94.28117943944243,20323.105124794587,12853.302858020343,9428.117943944242,0.0,0.0,
1634.8174087043524,294.2671335667834,0.2032002144410905,0.12851385998566514,94.26584252464961,20320.02144410905,12851.385998566515,9426.584252464962,0.0,0.0,
1636.8184092046024,294.62731365682845,0.20316970162192013,0.12850103753428951,94.25097803507606,20316.970162192014,12850.103753428952,9425.097803507606,0.0,0.0,
1638.8194097048527,294.98749374687344,0.2031400827613019,0.12849468352956558,94.23685772836251,20314.00827613019,12849.46835295656,9423.68577283625,0.0,0.0,
1640.8204102051027,295.3476738369185,0.20311190023145406,0.12849479667484986,94.22373415367636,20311.190023145406,12849.479667484986,9422.373415367636,0.0,0.0,
1642.8214107053527,295.7078539269635,0.20308565916370575,0.12850125447553362,94.21183629469884,20308.565916370575,12850.125447553362,9421.183629469884,0.0,0.0,
1644.822411205603,296.06803401700853,0.20306181868727732,0.12851381780332335,94.20136573756653,20306.181868727734,12851.381780332336,9420.136573756654,0.0,0.0,
1646.823411705853,296.4282141070535,0.20304078419081545,0.12853213749926362,94.19249341813082,20304.078419081547,12853.213749926363,9419.249341813082,0.0,0.0,
1648.8244122061033,296.78839419709857,0.2030229007274497,0.12855576286187345,94.18535699978798,20302.29007274497,12855.576286187345,9418.535699978798,0.0,0.0,
1650.8254127063533,297.14857428714356,0.20300844766173112,0.12858415183908664,94.18005892510205,20300.84476617311,12858.415183908664,9418.005892510204,0.0,0.0,
1652.8264132066033,297.5087543771886,0.20299763463328968,0.12861668271771665,94.17666516033161,20299.763463328967,12861.668271771665,9417.666516033161,0.0,0.0,
1654.8274137068536,297.86893446723366,0.20299059888773616,0.12865266708209228,94.17520463499427,20299.059888773616,12865.266708209228,9417.520463499428,0.0,0.0,
1656.8284142071036,298.22911455727865,0.2029874040005471,0.12869136379456603,94.17566937311454,20298.74040005471,12869.136379456602,9417.566937311454,0.0,0.0,
1658.8294147073539,298.5892946473237,0.20298803999474588,0.12873199373508312,94.17801530468542,20298.80399947459,12873.199373508312,9417.801530468541,0.0,0.0,
1660.830415207604,298.9494747373687,0.20299242482846114,0.12877375502524835,94.18216373272364,20299.242482846115,12877.375502524836,9418.216373272364,0.0,0.0,
1662.8314157078541,299.30965482741374,0.2030004072042603,0.12881583845471958,94.18800341962351,20300.04072042603,12881.583845471958,9418.800341962351,0.0,0.0,
1664.8324162081042,299.66983491745873,0.20301177062888318,0.12885744282464714,94.19539324493971,20301.177062888317,12885.744282464715,9419.539324493971,0.0,0.0,
1666.8334167083542,300.0300150075037,0.20302623863001676,0.12889778992461848,94.2041653774018,20302.623863001674,12889.778992461848,9420.416537740179,0.0,0.0,
1668.8344172086045,300.39019509754877,0.20304348101644035,0.1289361388664233,94.21412889537415,20304.348101644035,12893.61388664233,9421.412889537414,0.0,0.0,
1670.8354177088545,300.7503751875938,0.20306312104960952,0.1289717995101093,94.22507378250589,20306.31210496095,12897.179951010929,9422.50737825059,0.0,0.0,
1672.8364182091047,301.11055527763887,0.2030847433789097,0.12900414473529592,94.23677521907474,20308.47433789097,12900.414473529592,9423.677521907475,0.0,0.0,
1674.8374187093548,301.47073536768386,0.20310790257974318,0.12903262133344948,94.24899808467671,20310.790257974317,12903.262133344948,9424.899808467671,0.0,0.0,
1676.838419209605,301.8309154577289,0.2031321321236184,0.1290567593245153,94.26150158459492,20313.21321236184,12905.67593245153,9426.150158459492,0.0,0.0,
1678.839419709855,302.1910955477739,0.20315695360275324,0.1290761795334917,94.27404391050493,20315.695360275324,12907.61795334917,9427.404391050493,0.0,0.0,
1680.840420210105,302.5512756378189,0.20318188602856596,0.12909059929857838,94.28638684629672,20318.188602856597,12909.059929857838,9428.638684629672,0.0,0.0,
1682.8414207103554,302.91145572786394,0.20320645502392806,0.1290998362216321,94.29830023172498,20320.645502392807,12909.98362216321,9429.830023172499,0.0,0.0,
1684.8424212106054,303.27163581790893,0.20323020173321701,0.12910380991287881,94.30956620046335,20323.0201733217,12910.38099128788,9430.956620046336,0.0,0.0,
1686.8434217108556,303.631815907954,0.20325269128196594,0.12910254172410898,94.31998311448238,20325.269128196593,12910.254172410898,9431.998311448238,0.0,0.0,
1688.8444222111057,303.991995997999,0.2032735206291006,0.12909615250681616,94.32936914613943,20327.35206291006,12909.615250681616,9432.936914613943,0.0,0.0,
1690.8454227113557,304.352176088044,0.20329232566912886,0.12908485847279816,94.33756531589162,20329.232566912888,12908.485847279815,9433.756531589162,0.0,0.0,
1692.846423211606,304.71235617808907,0.20330878745884914,0.12906896527352651,94.34443816611234,20330.878745884915,12906.896527352652,9434.443816611234,0.0,0.0,
1694.847423711856,305.07253626813406,0.20332263746277157,0.12904886045008804,94.34988184156391,20332.263746277156,12904.886045008803,9434.988184156391,0.0,0.0,
1696.8484242121062,305.4327163581791,0.2033336617329935,0.1290250044368135,94.35381962300299,20333.36617329935,12902.50044368135,9435.381962300298,0.0,0.0,
1698.8494247123563,305.7928964482241,0.20334170396222204,0.12899792032808935,94.35620479599307,20334.170396222205,12899.792032808935,9435.620479599307,0.0,0.0,
1700.8504252126065,306.15307653826915,0.20334666737242016,0.1289681826387444,94.35702101836698,20334.666737242016,12896.81826387444,9435.702101836698,0.0,0.0,
1702.8514257128566,306.5132566283142,0.20334851542561025,0.12893640530345357,94.35628206272418,20334.851542561024,12893.640530345358,9435.628206272417,0.0,0.0,
1704.8524262131066,306.8734367183592,0.20334727136713043,0.1289032291696478,94.35403097921493,20334.72713671304,12890.32291696478,9435.403097921493,0.0,0.0,
1706.8534267133568,307.23361680840424,0.20334301663457333,0.12886930924151047,94.35033871288027,20334.301663457332,12886.930924151047,9435.033871288028,0.0,0.0,
1708.8544272136069,307.5937968984492,0.203335888187258,0.12883530192999545,94.3453022145201,20333.588818725802,12883.530192999546,9434.53022145201,0.0,0.0,
1710.8554277138571,307.9539769884943,0.20332607483095788,0.128801852555806,94.33904209205195,20332.607483095788,12880.1852555806,9433.904209205195,0.0,0.0,
1712.8564282141072,308.31415707853927,0.20331381263036402,0.12876958333943955,94.3316998575258,20331.3812630364,12876.958333943956,9433.16998575258,0.0,0.0,
1714.8574287143574,308.6743371685843,0.20329937951711083,0.12873908209533405,94.32343483164819,20329.937951711083,12873.908209533405,9432.34348316482,0.0,0.0,
1716.8584292146074,309.0345172586293,0.20328308921391242,0.1287108918265179,94.31442077288425,20328.308921391243,12871.08918265179,9431.442077288424,0.0,0.0,
1718.8594297148575,309.39469734867436,0.20326528460530993,0.1286855013926569,94.30484230184807,20326.528460530993,12868.550139265688,9430.484230184808,0.0,0.0,
1720.8604302151077,309.7548774387194,0.2032463306926397,0.12866333739870517,94.2948911937563,20324.63306926397,12866.333739870517,9429.48911937563,0.0,0.0,
1722.8614307153578,310.1150575287644,0.2032266072751002,0.1286447574241567,94.28476261229497,20322.66072751002,12864.47574241567,9428.476261229496,0.0,0.0,
1724.862431215608,310.47523761880944,0.20320650150027092,0.12863004468478242,94.27465135738797,20320.650150027093,12863.004468478242,9427.465135738797,0.0,0.0,
1726.863431715858,310.83541770885444,0.20318640042622782,0.1286194041902714,94.26474819725695,20318.64004262278,12861.94041902714,9426.474819725696,0.0,0.0,
1728.864432216108,311.1955977988994,0.20316668373365238,0.12861296043286202,94.25523635198796,20316.66837336524,12861.296043286202,9425.523635198797,0.0,0.0,
1730.8654327163583,311.5557778889445,0.20314771672022433,0.12861075661426788,94.24628819173925,20314.771672022434,12861.075661426788,9424.628819173926,0.0,0.0,
1732.8664332166084,311.91595797898947,0.20312984370132642,0.12861275539132222,94.23806220710858,20312.984370132643,12861.275539132223,9423.806220710858,0.0,0.0,
1734.8674337168586,312.2761380690345,0.20311338193091255,0.1286188410950874,94.23069885051149,20311.338193091255,12861.88410950874,9423.069885051149,0.0,0.0,
1736.8684342171086,312.63631815907956,0.2030986161443824,0.12862882335394815,94.22432297766623,20309.86161443824,12862.882335394816,9422.432297766623,0.0,0.0,
1738.869434717359,312.9964982491246,0.20308579381225905,0.12864244202865918,94.21903658068824,20308.579381225903,12864.244202865919,9421.903658068824,0.0,0.0,
1740.870435217609,313.3566783391696,0.20307512117848245,0.12865937334663072,94.21491917828857,20307.512117848244,12865.937334663071,9421.491917828856,0.0,0.0,
1742.871435717859,313.7168584292146,0.20306676014194877,0.1286792371041211,94.21202676584049,20306.676014194876,12867.92371041211,9421.20267658405,0.0,0.0,
1744.8724362181092,314.07703851925964,0.2030608260235658,0.12870160478862797,94.21039123078809,20306.08260235658,12870.160478862797,9421.039123078808,0.0,0.0,
1746.8734367183592,314.43721860930464,0.2030573862444474,0.12872600845982857,94.21002020845536,20305.73862444474,12872.600845982857,9421.002020845535,0.0,0.0,
1748.8744372186095,314.7973986993497,0.2030564599240087,0.12875195021609823,94.21089737814876,20305.64599240087,12875.195021609823,9421.089737814877,0.0,0.0,
1750.8754377188595,315.1575787893947,0.20305801838992993,0.12877891206512507,94.21298319690469,20305.801838992993,12877.891206512506,9421.298319690468,0.0,0.0,
1752.8764382191098,315.5177588794397,0.2030619865753945,0.1288063660116121,94.21622409506007,20306.19865753945,12880.63660116121,9421.622409506008,0.0,0.0,
1754.8774387193598,315.8779389694848,0.20306824526385567,0.12883378417269403,94.22052150464472,20306.824526385568,12883.378417269403,9422.052150464473,0.0,0.0,
1756.8784392196098,316.23811905952977,0.2030766341244068,0.12886064873257747,94.22578313273318,20307.66341244068,12886.064873257747,9422.578313273318,0.0,0.0,
1758.87943971986,316.5982991495748,0.2030869554705632,0.12888646155223107,94.2318918723351,20308.695547056323,12888.646155223107,9423.189187233509,0.0,0.0,
1760.8804402201101,316.9584792396198,0.20309897865906543,0.1289107532575851,94.23871599142404,20309.897865906543,12891.075325758511,9423.871599142405,0.0,0.0,
1762.8814407203604,317.31865932966485,0.20311244503651826,0.12893309164075956,94.24611362722165,20311.244503651826,12893.309164075956,9424.611362722164,0.0,0.0,
1764.8824412206104,317.67883941970985,0.20312707333188804,0.12895308922310436,94.25393462923121,20312.707333188802,12895.308922310436,9425.39346292312,0.0,0.0,
1766.8834417208607,318.0390195097549,0.2031425653856865,0.12897040984614236,94.26202430151386,20314.25653856865,12897.040984614236,9426.202430151387,0.0,0.0,
1768.8844422211107,318.39919959979994,0.20315861210175035,0.1289847741765453,94.27022399647517,20315.861210175033,12898.47741765453,9427.022399647516,0.0,0.0,
1770.8854427213607,318.75937968984493,0.20317489950456427,0.1289959640336631,94.27837631273182,20317.489950456427,12899.59640336631,9427.837631273182,0.0,0.0,
1772.886443221611,319.11955977989,0.20319111478477322,0.12900382547240105,94.28632771441718,20319.111478477324,12900.382547240106,9428.632771441718,0.0,0.0,
1774.887443721861,319.479739869935,0.20320695221723536,0.12900827057985917,94.29393131710466,20320.695221723538,12900.827057985916,9429.393131710467,0.0,0.0,
1776.8884442221113,319.83991995998,0.20322211884011823,0.12900927797052572,94.30104955946506,20322.211884011824,12900.927797052573,9430.104955946506,0.0,0.0,
1778.8894447223613,320.200100050025,0.20323633978984754,0.12900689199132692,94.30755652000913,20323.633978984755,12900.689199132692,9430.755652000913,0.0,0.0,
1780.8904452226113,320.56028014007,0.20324936319506273,0.12900122067384165,94.31334019152723,20324.936319506272,12900.122067384165,9431.334019152724,0.0,0.0,
1782.8914457228616,320.92046023011505,0.20326096454294965,0.1289924324958654,94.31830435010019,20326.096454294966,12899.24324958654,9431.830435010019,0.0,0.0,
1784.8924462231116,321.2806403201601,0.20327095044313434,0.12898075203766157,94.32237009340862,20327.095044313435,12898.075203766157,9432.237009340863,0.0,0.0,
1786.8934467233619,321.64082041020515,0.2032791617274812,0.1289664546391311,94.325477022144,20327.91617274812,12896.64546391311,9432.5477022144,0.0,0.0,
1788.894447223612,322.00100050025014,0.20328547583832565,0.12894986018230079,94.32758404687034,20328.547583832566,12894.986018230078,9432.758404687034,0.0,0.0,
1790.8954477238622,322.3611805902952,0.20328980847256092,0.1289313261386026,94.32866981097308,20328.98084725609,12893.132613860258,9432.866981097308,0.0,0.0,
1792.8964482241122,322.7213606803402,0.2032921144642524,0.12891124003211163,94.328732753867,20329.21144642524,12891.124003211164,9432.8732753867,0.0,0.0,
1794.8974487243622,323.0815407703852,0.20329238790373105,0.12889001147806825,94.32779071136122,20329.238790373107,12889.001147806825,9432.779071136121,0.0,0.0,
1796.8984492246125,323.4417208604302,0.20329066150608852,0.12886806396055364,94.32588023459,20329.06615060885,12886.806396055365,9432.588023459,0.0,0.0,
1798.8994497248625,323.8019009504752,0.2032870052563523,0.128845826514169,94.32305555802897,20328.700525635228,12884.5826514169,9432.305555802897,0.0,0.0,
1800.9004502251128,324.16208104052026,0.20328152437207092,0.12882372547210758,94.31938722779054,20328.152437207093,12882.372547210758,9431.938722779054,0.0,0.0,
1802.9014507253628,324.5222611305653,0.2032743566363309,0.12880217643732705,94.31496044799452,20327.43566363309,12880.217643732705,9431.496044799453,0.0,0.0,
1804.902451225613,324.88244122061036,0.2032656691651479,0.12878157662490405,94.30987318213737,20326.566916514792,12878.157662490405,9430.987318213736,0.0,0.0,
1806.903451725863,325.24262131065535,0.20325565468254647,0.12876229771241868,94.30423405029313,20325.56546825465,12876.229771241868,9430.423405029313,0.0,0.0,
1808.904452226113,325.60280140070034,0.2032445273843319,0.12874467932174322,94.29816006615447,20324.452738433192,12874.467932174322,9429.816006615447,0.0,0.0,
1810.9054527263634,325.9629814907454,0.20323251847747834,0.12872902324028732,94.29177426014826,20323.251847747833,12872.902324028732,9429.177426014827,0.0,0.0,
1812.9064532266134,326.3231615807904,0.20321987148615625,0.12871558847297468,94.28520323603688,20321.987148615626,12871.558847297469,9428.520323603689,0.0,0.0,
1814.9074537268637,326.68334167083543,0.2032068374176935,0.12870458719839112,94.27857470862955,20320.68374176935,12870.458719839111,9427.857470862955,0.0,0.0,
1816.9084542271137,327.0435217608804,0.20319366988225032,0.1286961816840169,94.27201360450854,20319.366988225032,12869.618168401688,9427.201360450854,0.0,0.0,
1818.9094547273637,327.4037018509255,0.20318062025859313,0.12869048219659857,94.26564468519219,20318.06202585931,12869.048219659857,9426.564468519218,0.0,0.0,
1820.910455227614,327.7638819409705,0.20316793299573363,0.1286875459248531,94.25958462848165,20316.793299573364,12868.75459248531,9425.958462848164,0.0,0.0,
1822.911455727864,328.1240620310155,0.20315584113526555,0.12868737691311696,94.25394200437283,20315.584113526555,12868.737691311697,9425.394200437284,0.0,0.0,
1824.9124562281143,328.48424212106056,0.20314456213368168,0.12868992698654283,94.24881555233635,20314.45621336817,12868.992698654283,9424.881555233635,0.0,0.0,
1826.9134567283643,328.84442221110555,0.2031342940566316,0.1286950976312327,94.2442924790939,20313.429405663162,12869.509763123271,9424.42924790939,0.0,0.0,
1828.9144572286145,329.2046023011506,0.20312521220880497,0.12870274277650764,94.24044700882224,20312.5212208805,12870.274277650764,9424.044700882225,0.0,0.0,
1830.9154577288646,329.5647823911956,0.20311746625388222,0.12871267241154627,94.23733921372441,20311.746625388223,12871.267241154626,9423.73392137244,0.0,0.0,
1832.9164582291146,329.92496248124064,0.20311117786897945,0.12872465695505553,94.2350141387853,20311.117786897943,12872.465695505553,9423.50141387853,0.0,0.0,
1834.9174587293649,330.2851425712857,0.20310643896740385,0.12873843228463858,94.23350122837404,20310.643896740385,12873.843228463858,9423.350122837404,0.0,0.0,
1836.9184592296149,330.6453226613307,0.20310331051252214,0.12875370532224148,94.23281405779814,20310.331051252215,12875.370532224148,9423.281405779813,0.0,0.0,
1838.9194597298651,331.00550275137573,0.20310182193430956,0.12877016006363529,94.23295036812641,20310.182193430956,12877.016006363529,9423.29503681264,0.0,0.0,
1840.9204602301152,331.3656828414207,0.20310197114888287,0.12878746393344337,94.23389239776067,20310.197114888288,12878.746393344338,9423.389239776066,0.0,0.0,
1842.9214607303654,331.72586293146577,0.20310372517021527,0.12880527434286118,94.23560756011831,20310.372517021526,12880.527434286118,9423.560756011831,0.0,0.0,
1844.9224612306155,332.08604302151076,0.2031070212924728,0.1288232453250188,94.23804915506345,20310.70212924728,12882.32453250188,9423.804915506345,0.0,0.0,
1846.9234617308655,332.44622311155575,0.2031117688111665,0.12884103412296602,94.24115763417984,20311.176881116648,12884.103412296601,9424.115763417984,0.0,0.0,
1848.9244622311157,332.8064032016008,0.20311785124179313,0.1288583076075378,94.24486195061536,20311.785124179314,12885.83076075378,9424.486195061536,0.0,0.0,
1850.9254627313658,333.16658329164585,0.20312512898596005,0.1288747484068724,94.24908110055334,20312.512898596004,12887.47484068724,9424.908110055334,0.0,0.0,
1852.926463231616,333.5267633816909,0.20313344238734463,0.1288900606360574,94.25372583338878,20313.344238734462,12889.00606360574,9425.372583338878,0.0,0.0,
1854.927463731866,333.8869434717359,0.20314261511334333,0.12890397512416588,94.2587005676421,20314.261511334335,12890.397512416588,9425.87005676421,0.0,0.0,
1856.9284642321163,334.24712356178094,0.20315245779305413,0.12891625404667634,94.26390510636392,20315.245779305413,12891.625404667633,9426.390510636393,0.0,0.0,
1858.9294647323663,334.60730365182593,0.20316277183837403,0.12892669488374547,94.26923674573787,20316.277183837403,12892.669488374548,9426.923674573787,0.0,0.0,
1860.9304652326164,334.9674837418709,0.20317335337259929,0.12893513363879006,94.27459225626366,20317.33533725993,12893.513363879005,9427.459225626366,0.0,0.0,
1862.9314657328666,335.32766383191597,0.2031839971899802,0.12894144726704337,94.27986984393966,20318.399718998022,12894.144726704337,9427.986984393967,0.0,0.0,
1864.9324662331167,335.68784392196096,0.203194500670252,0.1289455552798683,94.28497105192037,20319.4500670252,12894.555527986831,9428.497105192037,0.0,0.0,
1866.933466733367,336.048024012006,0.20320466757420275,0.12894742050728353,94.2898025662862,20320.466757420276,12894.742050728353,9428.98025662862,0.0,0.0,
1868.934467233617,336.40820410205106,0.2032143116498034,0.12894704901802434,94.29427789254812,20321.43116498034,12894.704901802434,9429.427789254813,0.0,0.0,
1870.935467733867,336.76838419209605,0.20322325998322835,0.1289444892131427,94.29831887283031,20322.325998322834,12894.44892131427,9429.831887283031,0.0,0.0,
1872.9364682341172,337.1285642821411,0.20323135603512807,0.12893983012527727,94.3018570172918,20323.13560351281,12893.983012527726,9430.185701729179,0.0,0.0,
1874.9374687343673,337.4887443721861,0.20323846230963608,0.12893319897094146,94.30483462746707,20323.84623096361,12893.319897094147,9430.483462746708,0.0,0.0,
1876.9384692346175,337.84892446223114,0.20324446261164375,0.12892475801715203,94.30720569361593,20324.446261164376,12892.475801715203,9430.720569361592,0.0,0.0,
1878.9394697348675,338.20910455227613,0.20324926385666958,0.12891470083616283,94.30893655288617,20324.926385666957,12891.470083616283,9430.893655288617,0.0,0.0,
1880.9404702351178,338.5692846423212,0.2032527974069971,0.12890324803272626,94.31000630001361,20325.27974069971,12890.324803272626,9431.000630001361,0.0,0.0,
1882.9414707353678,338.92946473236617,0.20325501991744313,0.12889064253698523,94.31040694721177,20325.501991744313,12889.064253698523,9431.040694721178,0.0,0.0,
1884.9424712356179,339.2896448224112,0.20325591368394721,0.1288771445626574,94.3101433348945,20325.591368394722,12887.71445626574,9431.014333489451,0.0,0.0,
1886.9434717358681,339.64982491245627,0.2032554864979281,0.1288630263345321,94.30923279975784,20325.54864979281,12886.30263345321,9430.923279975783,0.0,0.0,
1888.9444722361181,340.01000500250126,0.20325377101884,0.12884856669143055,94.30770461108318,20325.377101884,12884.856669143055,9430.770461108317,0.0,0.0,
1890.9454727363684,340.3701850925463,0.2032508236863919,0.12883404567071324,94.30559919078406,20325.082368639192,12883.404567071324,9430.559919078407,0.0,0.0,
1892.9464732366184,340.7303651825913,0.20324672320229265,0.12881973917824063,94.30296713628341,20324.672320229263,12881.973917824063,9430.29671362834,0.0,0.0,
1894.9474737368687,341.09054527263635,0.2032415686190054,0.12880591384352336,94.29986806884925,20324.15686190054,12880.591384352336,9429.986806884925,0.0,0.0,
1896.9484742371187,341.45072536268134,0.20323547707970474,0.12879282215380886,94.29636933286695,20323.547707970472,12879.282215380885,9429.636933286694,0.0,0.0,
1898.9494747373687,341.8109054527264,0.2032285812593221,0.12878069795323344,94.29254457383568,20322.858125932213,12878.069795323343,9429.254457383568,0.0,0.0,
1900.950475237619,342.1710855427714,0.20322102656116472,0.12876975238414104,94.28847222458171,20322.102656116473,12876.975238414105,9428.847222458171,0.0,0.0,
1902.951475737869,342.5312656328164,0.2032129681270373,0.1287601703374684,94.28423393028594,20321.296812703727,12876.017033746839,9428.423393028594,0.0,0.0,
1904.9524762381193,342.8914457228615,0.20320456772106205,0.12875210746795715,94.27991294340484,20320.456772106205,12875.210746795716,9427.991294340483,0.0,0.0,
1906.9534767383693,343.25162581290647,0.2031959905484703,0.12874568781812307,94.27559251942398,20319.59905484703,12874.568781812306,9427.559251942399,0.0,0.0,
1908.9544772386193,343.61180590295146,0.203187402070545,0.128741002082629,94.27135434371091,20318.7402070545,12874.1002082629,9427.135434371092,0.0,0.0,
1910.9554777388696,343.9719859929965,0.20317896487566872,0.12873810653220158,94.26727701843919,20317.89648756687,12873.810653220158,9426.727701843918,0.0,0.0,
1912.9564782391196,344.3321660830415,0.20317083566412616,0.12873702260372483,94.2634346368505,20317.083566412617,12873.702260372482,9426.34346368505,0.0,0.0,
1914.95747873937,344.69234617308655,0.20316316240100094,0.12873773715084216,94.25989546983918,20316.31624010009,12873.773715084217,9425.989546983918,0.0,0.0,
1916.95847923962,345.0525262631316,0.203156081687277,0.12874020333749653,94.25672078727862,20315.6081687277,12874.020333749653,9425.672078727863,0.0,0.0,
1918.9594797398702,345.41270635317665,0.20314971639420545,0.12874434214551728,94.25396383349239,20314.971639420546,12874.434214551728,9425.39638334924,0.0,0.0,
1920.9604802401202,345.77288644322164,0.20314417360023454,0.1287500444567811,94.25166897304503,20314.417360023454,12875.004445678109,9425.166897304503,0.0,0.0,
1922.9614807403702,346.13306653326663,0.20313954286344307,0.1287571736607905,94.24987101955044,20313.954286344306,12875.71736607905,9424.987101955045,0.0,0.0,
1924.9624812406205,346.4932466233117,0.20313589485558664,0.12876556872985342,94.24859475654986,20313.589485558663,12876.556872985342,9424.859475654986,0.0,0.0,
1926.9634817408705,346.85342671335667,0.20313328037668862,0.1287750476965374,94.24785465582455,20313.328037668864,12877.504769653739,9424.785465582456,0.0,0.0,
1928.9644822411208,347.2136068034017,0.20313172976171803,0.12878541146181674,94.24765479474587,20313.1729761718,12878.541146181675,9424.765479474587,0.0,0.0,
1930.9654827413708,347.5737868934467,0.20313125268341978,0.12879644785741473,94.2479889705652,20313.125268341977,12879.644785741473,9424.79889705652,0.0,0.0,
1932.966483241621,347.93396698349176,0.20313183834793785,0.12880793588234263,94.24884100604605,20313.183834793785,12880.793588234263,9424.884100604604,0.0,0.0,
1934.967483741871,348.2941470735368,0.2031334560726214,0.12881965003160367,94.25018523715727,20313.34560726214,12881.965003160367,9425.018523715727,0.0,0.0,
1936.9684842421211,348.6543271635818,0.20313605622845882,0.12883136463449313,94.25198717062175,20313.60562284588,12883.136463449313,9425.198717062174,0.0,0.0,
1938.9694847423714,349.01450725362685,0.20313957152306214,0.12884285812089669,94.25420429600702,20313.957152306215,12884.285812089669,9425.420429600701,0.0,0.0,
1940.9704852426214,349.37468734367184,0.20314391859414047,0.1288539171364508,94.25678703441469,20314.391859414045,12885.39171364508,9425.678703441468,0.0,0.0,
1942.9714857428717,349.7348674337169,0.20314899987805538,0.12886434043133957,94.25967980359333,20314.899987805537,12886.434043133957,9425.967980359334,0.0,0.0,
1944.9724862431217,350.0950475237619,0.2031547057134416,0.1288739424527915,94.2628221774245,20315.47057134416,12887.394245279149,9426.28221774245,0.0,0.0,
1946.9734867433717,350.45522761380687,0.20316091663607788,0.1288825565779103,94.26615011632308,20316.09166360779,12888.25565779103,9426.615011632308,0.0,0.0,
1948.974487243622,350.8154077038519,0.20316750581827292,0.12889003793119921,94.26959724408906,20316.75058182729,12889.003793119922,9426.959724408905,0.0,0.0,
1950.975487743872,351.17558779389697,0.20317434160403855,0.12889626573986865,94.27309614629053,20317.434160403856,12889.626573986865,9427.309614629052,0.0,0.0,
1952.9764882441223,351.535767883942,0.20318129009028205,0.12890114518957593,94.27657966520563,20318.129009028205,12890.114518957593,9427.657966520563,0.0,0.0,
1954.9774887443723,351.895947973987,0.20318821770418238,0.12890460875343704,94.27998216683281,20318.82177041824,12890.460875343704,9427.998216683281,0.0,0.0,
1956.9784892446226,352.25612806403205,0.2031949937278044,0.12890661697776254,94.28324075637897,20319.49937278044,12890.661697776253,9428.324075637898,0.0,0.0,
1958.9794897448726,352.61630815407705,0.20320149272282734,0.128907158718782,94.2862964200043,20320.149272282735,12890.7158718782,9428.629642000431,0.0,0.0,
1960.9804902451226,352.97648824412204,0.20320759681097544,0.12890625083539997,94.28909507236551,20320.759681097545,12890.625083539997,9428.90950723655,0.0,0.0,
1962.9814907453729,353.3366683341671,0.20321319776926702,0.12890393735355185,94.29158849164817,20321.319776926703,12890.393735355185,9429.158849164816,0.0,0.0,
1964.982491245623,353.69684842421213,0.20321819890347065,0.1289002881277727,94.29373512624211,20321.819890347066,12890.028812777271,9429.373512624212,0.0,0.0,
1966.9834917458732,354.0570285142571,0.20322251666807056,0.12889539703495498,94.29550075994645,20322.251666807057,12889.539703495499,9429.550075994644,0.0,0.0,
1968.9844922461232,354.4172086043022,0.20322608200649278,0.12888937974375866,94.29685902555936,20322.60820064928,12888.937974375867,9429.685902555935,0.0,0.0,
1970.9854927463734,354.7773886943472,0.2032288413912068,0.12888237111059053,94.29779175979284,20322.88413912068,12888.237111059054,9429.779175979284,0.0,0.0,
1972.9864932466235,355.1375687843922,0.20323075754947262,0.1288745222593455,94.29828919565304,20323.075754947262,12887.45222593455,9429.828919565303,0.0,0.0,
1974.9874937468735,355.4977488744372,0.20323180986681638,0.12886599740710142,94.29834999163302,20323.180986681637,12886.599740710142,9429.834999163302,0.0,0.0,
1976.9884942471238,355.85792896448226,0.2032319944666626,0.12885697050160133,94.29798110020758,20323.199446666258,12885.697050160134,9429.798110020758,0.0,0.0,
1978.9894947473738,356.21810905452725,0.20323132397079477,0.12884762173860914,94.29719748123483,20323.132397079477,12884.762173860914,9429.719748123483,0.0,0.0,
1980.990495247624,356.5782891445723,0.20322982695134312,0.12883813402807312,94.29602166858734,20322.982695134313,12883.813402807313,9429.602166858735,0.0,0.0,
1982.991495747874,356.93846923461734,0.2032275470906846,0.12882868947750642,94.29448320122535,20322.75470906846,12882.868947750641,9429.448320122534,0.0,0.0,
1984.992496248124,357.29864932466234,0.2032245420708906,0.1288194659591459,94.29261793209297,20322.45420708906,12881.94659591459,9429.261793209296,0.0,0.0,
1986.9934967483744,357.6588294147074,0.20322088221907342,0.12881063382436014,94.2904672304174,20322.088221907343,12881.063382436014,9429.04672304174,0.0,0.0,
1988.9944972486244,358.0190095047524,0.20321664893908836,0.12880235282454802,94.28807709464375,20321.664893908837,12880.235282454802,9428.807709464376,0.0,0.0,
1990.9954977488746,358.3791895947974,0.2032119329634782,0.12879476929252165,94.2854971946133,20321.19329634782,12879.476929252165,9428.54971946133,0.0,0.0,
1992.9964982491247,358.7393696848424,0.20320683246225707,0.12878801363223494,94.28277986254798,20320.683246225708,12878.801363223494,9428.277986254798,0.0,0.0,
1994.997498749375,359.09954977488746,0.20320145104708237,0.12878219815785266,94.27997905297133,20320.145104708237,12878.219815785265,9427.997905297132,0.0,0.0,
1996.998499249625,359.45972986493246,0.2031958957105461,0.1287774153157001,94.27714929183685,20319.58957105461,12877.741531570011,9427.714929183685,0.0,0.0,
1998.999499749875,359.8199099549775,0.20319027474072557,0.12877373631475428,94.27434463496297,20319.027474072558,12877.373631475428,9427.434463496298,0.0,0.0,
2001.0005002501252,360.18009004502255,0.20318469565078062,0.12877121018318136,94.27161765521628,20318.469565078063,12877.121018318136,9427.161765521627,0.0,0.0,
2003.0015007503753,360.54027013506754,0.20317926316229876,0.12876986326015208,94.2690184769978,20317.926316229874,12876.986326015209,9426.90184769978,0.0,0.0,
2005.0025012506255,360.9004502251126,0.20317407727930675,0.12876969912392133,94.26659387527435,20317.407727930677,12876.969912392133,9426.659387527436,0.0,0.0,
2007.0035017508756,361.2606303151576,0.2031692314874396,0.12877069894908175,94.26438645485244,20316.92314874396,12877.069894908174,9426.438645485245,0.0,0.0,
2009.0045022511258,361.62081040520263,0.20316481110974197,0.1287728222781314,94.26243392378042,20316.481110974197,12877.282227813139,9426.243392378043,0.0,0.0,
2011.0055027513758,361.9809904952476,0.2031608918470438,0.12877600818515156,94.26076847271365,20316.089184704382,12877.600818515155,9426.076847271364,0.0,0.0,
2013.0065032516259,362.3411705852926,0.2031575385268728,0.12878017680259177,94.25941626987172,20315.753852687278,12878.017680259176,9425.941626987173,0.0,0.0,
2015.0075037518761,362.70135067533766,0.20315480408052536,0.12878523117600565,94.25839707889676,20315.480408052535,12878.523117600565,9425.839707889676,0.0,0.0,
2017.0085042521262,363.0615307653827,0.2031527287632966,0.1287910594061675,94.25772400446864,20315.272876329658,12879.10594061675,9425.772400446864,0.0,0.0,
2019.0095047523764,363.42171085542776,0.20315133962805726,0.1287975370334049,94.25740336807581,20315.133962805725,12879.753703340491,9425.740336807581,0.0,0.0,
2021.0105052526264,363.78189094547275,0.20315065025745402,0.12880452961527175,94.2574347138718,20315.065025745404,12880.452961527175,9425.74347138718,0.0,0.0,
2023.0115057528767,364.1420710355178,0.20315066075508212,0.12881189544591692,94.25781094215245,20315.066075508214,12881.189544591693,9425.781094215245,0.0,0.0,
2025.0125062531267,364.5022511255628,0.2031513579911317,0.12881948836370988,94.25851856561839,20315.13579911317,12881.948836370988,9425.85185656184,0.0,0.0,
2027.0135067533768,364.8624312156078,0.20315271609332378,0.12882716059288962,94.25953808138125,20315.271609332376,12882.716059288961,9425.953808138125,0.0,0.0,
2029.014507253627,365.22261130565283,0.20315469716951107,0.12883476556521867,94.26084444966888,20315.469716951106,12883.476556521866,9426.084444966888,0.0,0.0,
2031.015507753877,365.5827913956979,0.2031572522442045,0.12884216066883092,94.26240766834917,20315.72522442045,12884.216066883091,9426.240766834917,0.0,0.0,
2033.0165082541273,365.9429714857429,0.20316032238756257,0.12884920987363987,94.26419343072023,20316.032238756256,12884.920987363988,9426.419343072022,0.0,0.0,
2035.0175087543773,366.3031515757879,0.2031638400121213,0.1288557861857751,94.26616385272779,20316.38400121213,12885.578618577509,9426.616385272779,0.0,0.0,
2037.0185092546274,366.6633316658329,0.20316773030979146,0.12886177388747147,94.2682782546464,20316.773030979148,12886.177388747146,9426.827825464641,0.0,0.0,
2039.0195097548776,367.02351175587796,0.20317191279946337,0.12886707052357801,94.27049398154058,20317.191279946335,12886.707052357802,9427.049398154059,0.0,0.0,
2041.0205102551276,367.38369184592295,0.20317630295396308,0.1288715886012743,94.27276724627698,20317.63029539631,12887.158860127429,9427.276724627698,0.0,0.0,
2043.021510755378,367.743871935968,0.20318081387412906,0.12887525697558,94.27505397877712,20318.081387412905,12887.525697558,9427.505397877712,0.0,0.0,
2045.022511255628,368.104052026013,0.20318535797742818,0.12887802189969402,94.27731066529488,20318.535797742818,12887.802189969403,9427.731066529488,0.0,0.0,
2047.0235117558782,368.46423211605804,0.20318984866881076,0.12887984772596656,94.27949516198814,20318.984866881077,12887.984772596656,9427.949516198814,0.0,0.0,
2049.024512256128,368.8244122061031,0.20319420196239765,0.12888071725026037,94.2815674678063,20319.420196239764,12888.071725026037,9428.156746780629,0.0,0.0,
2051.0255127563782,369.1845922961481,0.2031983380240746,0.12888063169944755,94.28349044273459,20319.833802407462,12888.063169944755,9428.349044273458,0.0,0.0,
2053.0265132566283,369.5447723861931,0.20320218260710407,0.1288796103686745,94.28523045872298,20320.218260710408,12887.961036867451,9428.523045872298,0.0,0.0,
2055.0275137568788,369.9049524762382,0.20320566835540013,0.1288776899216749,94.28675797212641,20320.566835540012,12887.76899216749,9428.675797212642,0.0,0.0,
2057.028514257129,370.26513256628317,0.20320873595209873,0.12887492337367984,94.28804800817925,20320.873595209872,12887.492337367983,9428.804800817925,0.0,0.0,
2059.029514757379,370.62531265632816,0.20321133509441525,0.1288713787822507,94.28908054988459,20321.133509441526,12887.137878225069,9428.908054988458,0.0,0.0,
2061.030515257629,370.98549274637315,0.2032134252794558,0.12886713767652644,94.28984082565073,20321.34252794558,12886.713767652644,9428.984082565074,0.0,0.0,
2063.031515757879,371.3456728364182,0.2032149763895455,0.12886229325984605,94.29031949206669,20321.497638954548,12886.229325984605,9429.031949206668,0.0,0.0,
2065.0325162581294,371.70585292646325,0.2032159690696867,0.1288569484243968,94.29051271027416,20321.59690696867,12885.69484243968,9429.051271027416,0.0,0.0,
2067.0335167583794,372.0660330165083,0.20321639489387278,0.12885121361939408,94.29042211644197,20321.63948938728,12885.121361939408,9429.042211644197,0.0,0.0,
2069.0345172586294,372.4262131065533,0.20321625632107895,0.12884520461628035,94.29005468895025,20321.625632107894,12884.520461628035,9429.005468895026,0.0,0.0,
2071.0355177588795,372.7863931965983,0.20321556644575123,0.1288390402155197,94.28942251666474,20321.55664457512,12883.90402155197,9428.942251666474,0.0,0.0,
2073.03651825913,373.1465732866434,0.20321434855143894,0.1288328399397641,94.28854247466575,20321.434855143892,12883.28399397641,9428.854247466574,0.0,0.0,
2075.03751875938,373.5067533766884,0.2032126354797982,0.1288267217574932,94.28743581530955,20321.26354797982,12882.672175749321,9428.743581530955,0.0,0.0,
2077.03851925963,373.86693346673337,0.20321046883046612,0.12882079987972436,94.28612768403575,20321.046883046612,12882.079987972436,9428.612768403575,0.0,0.0,
2079.03951975988,374.22711355677836,0.20320789801021177,0.12881518267010098,94.28464657054644,20320.789801021176,12881.518267010097,9428.464657054645,0.0,0.0,
2081.04052026013,374.5872936468234,0.20320497915226843,0.12880997070566583,94.28302370701144,20320.497915226842,12880.997070566582,9428.302370701143,0.0,0.0,
2083.0415207603805,374.94747373686846,0.20320177392879277,0.12880525502198592,94.28129242573817,20320.177392879275,12880.525502198592,9428.129242573817,0.0,0.0,
2085.0425212606306,375.3076538269135,0.2031983482809665,0.12880111557210952,94.27948748924703,20319.83482809665,12880.111557210952,9427.948748924704,0.0,0.0,
2087.0435217608806,375.6678339169585,0.20319477109232337,0.1287976199241923,94.27764440597153,20319.477109232335,12879.761992419231,9427.764440597153,0.0,0.0,
2089.0445222611306,376.0280140070035,0.20319111283144975,0.12879482221763208,94.27579874479272,20319.111283144975,12879.482221763208,9427.579874479272,0.0,0.0,
2091.0455227613807,376.3881940970485,0.20318744419026716,0.12879276239229945,94.27398546139635,20318.744419026716,12879.276239229945,9427.398546139635,0.0,0.0,
2093.046523261631,376.7483741870936,0.20318383474367308,0.12879146570004948,94.27223824892657,20318.383474367307,12879.146570004948,9427.223824892657,0.0,0.0,
2095.047523761881,377.1085542771386,0.20318035165540924,0.128790942502246,94.27058892473786,20318.035165540925,12879.094250224598,9427.058892473786,0.0,0.0,
2097.048524262131,377.46873436718363,0.20317705845367565,0.12879118835162665,94.26906686410135,20317.705845367564,12879.118835162664,9426.906686410135,0.0,0.0,
2099.049524762381,377.8289144572286,0.2031740138982444,0.12879218435157833,94.26769849065006,20317.40138982444,12879.218435157833,9426.769849065005,0.0,0.0,
2101.0505252626313,378.1890945472736,0.20317127095869353,0.12879389778086586,94.26650683208418,20317.127095869353,12879.389778086586,9426.650683208418,0.0,0.0,
2103.0515257628817,378.5492746373187,0.20316887592092558,0.12879628296715012,94.26551114825438,20316.88759209256,12879.628296715013,9426.551114825437,0.0,0.0,
2105.0525262631318,378.9094547273637,0.20316686763640712,0.12879928238831664,94.26472663727607,20316.68676364071,12879.928238831664,9426.472663727607,0.0,0.0,
2107.053526763382,379.2696348174087,0.20316527692562042,0.12880282797678444,94.26416422373781,20316.527692562042,12880.282797678445,9426.41642237378,0.0,0.0,
2109.054527263632,379.6298149074537,0.20316412614411547,0.12880684259863492,94.26383043145671,20316.412614411547,12880.684259863492,9426.383043145672,0.0,0.0,
2111.0555277638823,379.9899949974988,0.20316342891634845,0.12881124167664298,94.26372734161448,20316.342891634846,12881.124167664299,9426.372734161449,0.0,0.0,
2113.0565282641323,380.3501750875438,0.20316319003925115,0.12881593492414758,94.26385263548792,20316.319003925117,12881.593492414759,9426.385263548793,0.0,0.0,
2115.0575287643824,380.71035517758884,0.20316340555425444,0.1288208281551963,94.26419971943803,20316.340555425442,12882.08281551963,9426.419971943802,0.0,0.0,
2117.0585292646324,381.07053526763383,0.20316406298335002,0.12882582513555665,94.26475792826636,20316.406298335,12882.582513555666,9426.475792826637,0.0,0.0,
2119.0595297648824,381.4307153576788,0.20316514172176742,0.12883082943901392,94.26551280171971,20316.514172176743,12883.082943901392,9426.55128017197,0.0,0.0,
2121.060530265133,381.7908954477239,0.20316661357703028,0.12883574627386604,94.26644642759418,20316.66135770303,12883.574627386604,9426.644642759418,0.0,0.0,
2123.061530765383,382.1510755377689,0.2031684434415766,0.1288404842456644,94.26753784378276,20316.84434415766,12884.048424566441,9426.753784378276,0.0,0.0,
2125.062531265633,382.5112556278139,0.20317059008383614,0.12884495702400903,94.26876349061357,20317.059008383614,12884.495702400902,9426.876349061356,0.0,0.0,
2127.063531765883,382.8714357178589,0.2031730070406844,0.12884908488354677,94.27009770404793,20317.30070406844,12884.908488354677,9427.009770404793,0.0,0.0,
2129.064532266133,383.23161580790395,0.20317564359257573,0.1288527960921922,94.27151323967573,20317.564359257573,12885.279609219218,9427.151323967573,0.0,0.0,
2131.0655327663835,383.591795897949,0.20317844580141975,0.12885602812293392,94.27298181707145,20317.844580141977,12885.602812293393,9427.298181707145,0.0,0.0,
2133.0665332666335,383.95197598799405,0.20318135759042394,0.12885872866933465,94.27447467384286,20318.135759042394,12885.872866933465,9427.447467384285,0.0,0.0,
2135.0675337668836,384.31215607803904,0.2031843218446945,0.12886085644890327,94.27596311871014,20318.43218446945,12886.085644890327,9427.596311871013,0.0,0.0,
2137.0685342671336,384.67233616808403,0.20318728151136356,0.12886238178283108,94.2774190731717,20318.728151136354,12886.238178283107,9427.74190731717,0.0,0.0,
2139.0695347673836,385.032516258129,0.20319018067839498,0.12886328694505342,94.2788155916807,20319.018067839497,12886.328694505342,9427.88155916807,0.0,0.0,
2141.070535267634,385.3926963481741,0.2031929656119951,0.12886356627813195,94.28012735087543,20319.29656119951,12886.356627813195,9428.012735087543,0.0,0.0,
2143.071535767884,385.7528764382191,0.20319558573369859,0.1288632260779628,94.28133109912075,20319.558573369857,12886.32260779628,9428.133109912074,0.0,0.0,
2145.072536268134,386.1130565282641,0.20319799451968845,0.12886228425370908,94.28240605856541,20319.799451968844,12886.228425370908,9428.240605856541,0.0,0.0,
2147.073536768384,386.47323661830916,0.20320015030670355,0.12886076977355385,94.28333427294336,20320.015030670354,12886.076977355384,9428.333427294336,0.0,0.0,
2149.0745372686347,386.8334167083542,0.20320201699095147,0.12885872191078215,94.28410089548102,20320.20169909515,12885.872191078215,9428.410089548102,0.0,0.0,
2151.0755377688847,387.19359679839926,0.20320356460873149,0.1288561893082634,94.28469441257644,20320.356460873147,12885.61893082634,9428.469441257645,0.0,0.0,
2153.0765382691347,387.55377688844425,0.20320476978993537,0.12885322888254785,94.28510680014232,20320.476978993538,12885.322888254785,9428.510680014231,0.0,0.0,
2155.077538769385,387.91395697848924,0.20320561607817914,0.12884990459146178,94.2853336109189,20320.561607817912,12884.990459146178,9428.53336109189,0.0,0.0,
2157.078539269635,388.27413706853423,0.20320609411397628,0.1288462860912411,94.28537399234779,20320.60941139763,12884.62860912411,9428.537399234778,0.0,0.0,
2159.0795397698853,388.63431715857934,0.2032062016800405,0.12884244731084815,94.28523063598143,20320.62016800405,12884.244731084815,9428.523063598144,0.0,0.0,
2161.0805402701353,388.9944972486243,0.20320594361044442,0.12883846497215756,94.28490966068838,20320.59436104444,12883.846497215756,9428.490966068839,0.0,0.0,
2163.0815407703853,389.3546773386694,0.2032053315679211,0.12883441708516086,94.28442043304045,20320.53315679211,12883.441708516086,9428.442043304045,0.0,0.0,
2165.0825412706354,389.71485742871437,0.20320438369601743,0.1288303814472321,94.28377532955221,20320.438369601743,12883.03814472321,9428.37753295522,0.0,0.0,
2167.0835417708854,390.07503751875936,0.2032031241550579,0.12882643417483805,94.28298944635301,20320.31241550579,12882.643417483805,9428.298944635302,0.0,0.0,
2169.084542271136,390.43521760880446,0.20320158255290965,0.12882264829488568,94.28208026278094,20320.158255290964,12882.264829488568,9428.208026278095,0.0,0.0,
2171.085542771386,390.79539769884946,0.20319979328332227,0.12881909242122064,94.2810672661717,20319.97932833223,12881.909242122063,9428.10672661717,0.0,0.0,
2173.086543271636,391.15557778889445,0.20319779478611885,0.1288158295396607,94.27997154567367,20319.779478611887,12881.58295396607,9427.997154567367,0.0,0.0,
2175.087543771886,391.51575787893944,0.20319562874471792,0.12881291592242436,94.27881536338263,20319.56287447179,12881.291592242436,9427.881536338264,0.0,0.0,
2177.0885442721365,391.87593796898454,0.20319333923735047,0.1288104001899536,94.27762171133148,20319.33392373505,12881.04001899536,9427.762171133149,0.0,0.0,
2179.0895447723865,392.23611805902954,0.20319097185889443,0.12880832253499025,94.27641386300817,20319.09718588944,12880.832253499026,9427.641386300817,0.0,0.0,
2181.0905452726365,392.5962981490746,0.2031885728304749,0.1288067141204182,94.27521492795896,20318.857283047488,12880.67141204182,9427.521492795895,0.0,0.0,
2183.0915457728865,392.9564782391196,0.20318618811388056,0.12880559665889046,94.27404741785442,20318.618811388056,12880.559665889046,9427.404741785442,0.0,0.0,
2185.0925462731366,393.31665832916457,0.20318386254742501,0.1288049821786921,94.27293283198861,20318.3862547425,12880.49821786921,9427.293283198862,0.0,0.0,
2187.093546773387,393.6768384192097,0.20318163901916123,0.12880487297671328,94.27189126967153,20318.163901916123,12880.487297671329,9427.189126967152,0.0,0.0,
2189.094547273637,394.03701850925466,0.20317955769234902,0.1288052617558863,94.27094107632492,20317.9557692349,12880.52617558863,9427.094107632493,0.0,0.0,
2191.095547773887,394.39719859929966,0.20317765529680976,0.12880613194103893,94.27009852930907,20317.765529680975,12880.613194103893,9427.009852930907,0.0,0.0,
2193.096548274137,394.75737868934465,0.20317596449830574,0.12880745816389413,94.26937756868243,20317.596449830573,12880.745816389413,9426.937756868243,0.0,0.0,
2195.097548774387,395.1175587793897,0.20317451335638562,0.12880920690495531,94.2687895771009,20317.45133563856,12880.920690495532,9426.87895771009,0.0,0.0,
2197.0985492746377,395.47773886943475,0.20317332487927878,0.12881133727730903,94.26834321211226,20317.332487927877,12881.133727730903,9426.834321211225,0.0,0.0,
2199.0995497748877,395.8379189594798,0.2031724166824385,0.12881380193499692,94.26804429301784,20317.24166824385,12881.380193499692,9426.804429301783,0.0,0.0,
2201.1005502751377,396.1980990495248,0.2031718007552609,0.12881654808658805,94.2678957434262,20317.18007552609,12881.654808658805,9426.78957434262,0.0,0.0,
2203.1015507753878,396.5582791395698,0.20317148333839075,0.12881951859296098,94.26789758954807,20317.148333839075,12881.951859296098,9426.789758954807,0.0,0.0,
2205.102551275638,396.91845922961477,0.20317146491189877,0.1288226531270977,94.26804701324772,20317.146491189877,12882.265312709771,9426.804701324772,0.0,0.0,
2207.1035517758883,397.2786393196599,0.20317174029252472,0.1288258893729166,94.268338457839,20317.17402925247,12882.58893729166,9426.8338457839,0.0,0.0,
2209.1045522761383,397.63881940970487,0.2031722988361572,0.1288291642398391,94.26876378366366,20317.22988361572,12882.916423983908,9426.876378366365,0.0,0.0,
2211.1055527763883,397.99899949974986,0.20317312473980917,0.12883241506989204,94.26931246960528,20317.312473980917,12883.241506989205,9426.931246960528,0.0,0.0,
2213.1065532766384,398.3591795897949,0.20317419743557363,0.12883558081468793,94.26997185590334,20317.419743557362,12883.558081468793,9426.997185590333,0.0,0.0,
2215.107553776889,398.71935967983995,0.20317549206744315,0.12883860316058185,94.27072742294506,20317.549206744316,12883.860316058184,9427.072742294506,0.0,0.0,
2217.108554277139,399.079539769885,0.20317698004047566,0.12884142758165465,94.27156310009211,20317.698004047565,12884.142758165464,9427.156310009212,0.0,0.0,
2219.109554777389,399.43971985993,0.20317862963060818,0.1288440043018855,94.27246159818517,20317.86296306082,12884.40043018855,9427.246159818518,0.0,0.0,
2221.110555277639,399.799899949975,0.203180406642483,0.12884628914991658,94.27340475900445,20318.0406642483,12884.628914991657,9427.340475900444,0.0,0.0,
2223.111555777889,400.16008004002,0.2031822751019658,0.12884824429213498,94.2743739147595,20318.22751019658,12884.824429213499,9427.437391475949,0.0,0.0,
2225.1125562781394,400.5202601300651,0.2031841979696171,0.1288498388323541,94.2753502506543,20318.41979696171,12884.983883235409,9427.53502506543,0.0,0.0,
2227.1135567783895,400.8804402201101,0.20318613786122583,0.12885104926911575,94.27631516357972,20318.613786122583,12885.104926911576,9427.631516357973,0.0,0.0,
2229.1145572786395,401.24062031015507,0.20318805776162882,0.12885185980450198,94.27725061023587,20318.80577616288,12885.185980450198,9427.725061023586,0.0,0.0,
2231.1155577788895,401.6008004002001,0.20318992171841377,0.12885226250128043,94.27813943826203,20318.992171841375,12885.226250128042,9427.813943826202,0.0,0.0,
2233.1165582791396,401.9609804902451,0.20319169550272873,0.12885225728815508,94.27896569442935,20319.169550272873,12885.225728815509,9427.896569442935,0.0,0.0,
2235.11755877939,402.3211605802902,0.20319334722527438,0.12885185181579548,94.27971490445442,20319.334722527437,12885.185181579547,9427.971490445443,0.0,0.0,
2237.11855927964,402.6813406703352,0.20319484789662412,0.12885106116911738,94.28037431966429,20319.484789662412,12885.106116911738,9428.03743196643,0.0,0.0,
2239.11955977989,403.0415207603802,0.2031961719222738,0.12884990744393077,94.28093312643074,20319.61719222738,12884.990744393077,9428.093312643074,0.0,0.0,
2241.12056028014,403.4017008504252,0.20319729752423812,0.12884841919851128,94.28138261508575,20319.729752423813,12884.841919851127,9428.138261508575,0.0,0.0,
2243.12156078039,403.76188094047023,0.20319820708255848,0.1288466307928426,94.28171630586083,20319.820708255847,12884.663079284259,9428.171630586083,0.0,0.0,
2245.1225612806406,404.1220610305153,0.20319888739173092,0.1288445816301817,94.28193003026426,20319.888739173093,12884.45816301817,9428.193003026427,0.0,0.0,
2247.1235617808907,404.48224112056033,0.2031993298287744,0.1288423153171846,94.28202196715476,20319.93298287744,12884.23153171846,9428.202196715476,0.0,0.0,
2249.1245622811407,404.8424212106053,0.20319953043139796,0.1288398787600739,94.2819926336883,20319.953043139798,12883.987876007392,9428.19926336883,0.0,0.0,
2251.1255627813907,405.2026013006503,0.20319948988646364,0.1288373212152122,94.28184483216275,20319.948988646363,12883.732121521221,9428.184483216275,0.0,0.0,
2253.126563281641,405.5627813906954,0.2031992134306405,0.1288346933129583,94.2815835545303,20319.921343064052,12883.46933129583,9428.15835545303,0.0,0.0,
2255.1275637818912,405.9229614807404,0.20319871066677775,0.12883204607382467,94.28121584725537,20319.871066677773,12883.204607382468,9428.121584725537,0.0,0.0,
2257.1285642821413,406.2831415707854,0.20319799530105498,0.1288294299357304,94.28075063976932,20319.799530105498,12882.94299357304,9428.075063976932,0.0,0.0,
2259.1295647823913,406.6433216608304,0.20319708480737653,0.12882689381056472,94.28019854048586,20319.708480737652,12882.689381056472,9428.019854048585,0.0,0.0,
2261.1305652826413,407.00350175087544,0.20319600002673033,0.1288244841873632,94.27957160484017,20319.600002673033,12882.44841873632,9427.957160484017,0.0,0.0,
2263.131565782892,407.3636818409205,0.203194764710318,0.12882224429817704,94.27888308027076,20319.4764710318,12882.224429817705,9427.888308027075,0.0,0.0,
2265.132566283142,407.72386193096554,0.20319340501615815,0.12882021336121258,94.27814713340776,20319.340501615814,12882.021336121257,9427.814713340777,0.0,0.0,
2267.133566783392,408.08404202101053,0.2031919489695612,0.12881842591407405,94.27737856497663,20319.19489695612,12881.842591407405,9427.737856497663,0.0,0.0,
2269.134567283642,408.4442221110555,0.20319042589835698,0.12881691124798883,94.2765925180289,20319.0425898357,12881.691124798883,9427.65925180289,0.0,0.0,
2271.135567783892,408.8044022011005,0.20318886585402762,0.12881569295177955,94.27580418515731,20318.88658540276,12881.569295177955,9427.580418515732,0.0,0.0,
2273.1365682841424,409.1645822911456,0.20318729902995045,0.12881478857210893,94.27502852023535,20318.729902995045,12881.478857210894,9427.502852023536,0.0,0.0,
2275.1375687843924,409.5247623811906,0.20318575518779836,0.1288142093942085,94.27427996006232,20318.575518779835,12881.420939420852,9427.427996006232,0.0,0.0,
2277.1385692846425,409.8849424712356,0.203184263102781,0.12881396034495607,94.2735721609769,20318.4263102781,12881.396034495607,9427.35721609769,0.0,0.0,
2279.1395697848925,410.24512256128065,0.20318285003785244,0.1288140400178303,94.27291775512657,20318.285003785244,12881.40400178303,9427.291775512656,0.0,0.0,
2281.1405702851425,410.60530265132564,0.20318154125627436,0.12881444081699098,94.2723281306498,20318.154125627436,12881.444081699097,9427.23281306498,0.0,0.0,
2283.141570785393,410.96548274137075,0.20318035958102348,0.1288151492155482,94.27181323944356,20318.035958102348,12881.51492155482,9427.181323944356,0.0,0.0,
2285.142571285643,411.32566283141574,0.20317932500849178,0.12881614612103057,94.27138143566359,20317.93250084918,12881.614612103056,9427.138143566359,0.0,0.0,
2287.143571785893,411.68584292146073,0.20317845438276322,0.1288174073391815,94.27103934739844,20317.845438276323,12881.740733918152,9427.103934739844,0.0,0.0,
2289.144572286143,412.0460230115057,0.20317776113549563,0.12881890412552835,94.27079178334687,20317.776113549564,12881.890412552835,9427.079178334687,0.0,0.0,
2291.1455727863936,412.40620310155083,0.20317725509510434,0.12882060381271382,94.27064167560381,20317.725509510434,12882.060381271382,9427.064167560382,0.0,0.0,
2293.1465732866436,412.7663831915958,0.20317694236757214,0.12882247050037496,94.27059005895714,20317.694236757216,12882.247050037497,9427.059005895713,0.0,0.0,
2295.1475737868936,413.1265632816408,0.2031768252898154,0.1288244657934156,94.27063608642466,20317.68252898154,12882.44657934156,9427.063608642466,0.0,0.0,
2297.1485742871437,413.48674337168586,0.2031769024551533,0.12882654957386436,94.27077708005892,20317.69024551533,12882.654957386436,9427.077708005892,0.0,0.0,
2299.1495747873937,413.84692346173085,0.20317716880907377,0.12882868079113982,94.27100861542253,20317.716880907377,12882.868079113981,9427.100861542252,0.0,0.0,
2301.150575287644,414.20710355177596,0.2031776158121984,0.12883081825546971,94.27132463750986,20317.76158121984,12883.081825546971,9427.132463750986,0.0,0.0,
2303.151575787894,414.56728364182095,0.20317823166613413,0.12883292141941954,94.27171760535022,20317.823166613412,12883.292141941954,9427.171760535022,0.0,0.0,
2305.1525762881442,414.92746373186594,0.20317900159679386,0.12883495113297744,94.27217866204991,20317.900159679386,12883.495113297744,9427.217866204992,0.0,0.0,
2307.1535767883943,415.28764382191093,0.2031799081887767,0.12883687035839736,94.27269782658038,20317.99081887767,12883.687035839735,9427.269782658039,0.0,0.0,
2309.1545772886443,415.647823911956,0.20318093176355304,0.12883864483200597,94.27326420329032,20318.093176355305,12883.864483200598,9427.326420329033,0.0,0.0,
2311.155577788895,416.00800400200103,0.20318205079349919,0.12884024366140895,94.27386620487258,20318.20507934992,12884.024366140895,9427.386620487257,0.0,0.0,
2313.156578289145,416.3681840920461,0.2031832423432949,0.12884163984795824,94.27449178430791,20318.32423432949,12884.163984795823,9427.449178430792,0.0,0.0,
2315.157578789395,416.72836418209107,0.20318448252982999,0.12884281072593878,94.27512867125047,20318.448252983,12884.281072593878,9427.512867125048,0.0,0.0,
2317.158579289645,417.08854427213606,0.20318574699157738,0.1288437383116639,94.2757646082792,20318.574699157736,12884.373831166391,9427.57646082792,0.0,0.0,
2319.159579789895,417.44872436218105,0.20318701135837344,0.12884440955750084,94.27638758257105,20318.701135837346,12884.440955750084,9427.638758257104,0.0,0.0,
2321.1605802901454,417.80890445222616,0.20318825171270355,0.12884481650774168,94.27698604868098,20318.825171270353,12884.481650774169,9427.698604868097,0.0,0.0,
2323.1615807903954,418.16908454227115,0.203189445033913,0.12884495635515736,94.2775491383699,20318.9445033913,12884.495635515736,9427.75491383699,0.0,0.0,
2325.1625812906454,418.52926463231614,0.20319056961724383,0.1288448313989807,94.27806685375847,20319.056961724382,12884.48313989807,9427.806685375848,0.0,0.0,
2327.1635817908955,418.8894447223612,0.20319160546022313,0.12884444890692723,94.27853024043475,20319.160546022315,12884.444890692723,9427.853024043474,0.0,0.0,
2329.164582291146,419.24962481240624,0.20319253460968473,0.12884382088563945,94.27893153762449,20319.253460968474,12884.382088563945,9427.893153762448,0.0,0.0,
2331.165582791396,419.6098049024513,0.20319334146357668,0.12884296376560309,94.27926430298058,20319.33414635767,12884.296376560309,9427.926430298057,0.0,0.0,
2333.166583291646,419.9699849924963,0.20319401302267237,0.1288418980080993,94.27952351010967,20319.401302267237,12884.18980080993,9427.952351010967,0.0,0.0,
2335.167583791896,420.33016508254127,0.2031945390883437,0.12884064764309902,94.27970561748441,20319.45390883437,12884.064764309902,9427.970561748441,0.0,0.0,
2337.168584292146,420.69034517258626,0.2031949124036504,0.12883923974815298,94.2798086079651,20319.491240365038,12883.923974815298,9427.98086079651,0.0,0.0,
2339.1695847923966,421.05052526263137,0.20319512873612458,0.12883770387926408,94.2798319987261,20319.512873612457,12883.770387926408,9427.98319987261,0.0,0.0,
2341.1705852926466,421.41070535267636,0.203195186901768,0.1288360714654332,94.27977682195225,20319.5186901768,12883.60714654332,9427.977682195225,0.0,0.0,
2343.1715857928966,421.77088544272135,0.2031950887309012,0.1288343751790374,94.27964557721273,20319.50887309012,12883.43751790374,9427.964557721274,0.0,0.0,
2345.1725862931467,422.1310655327664,0.20319483897759646,0.1288326482944278,94.27944215692696,20319.48389775965,12883.264829442782,9427.944215692696,0.0,0.0,
2347.1735867933967,422.4912456228114,0.20319444517546217,0.12883092404711913,94.27917174686586,20319.444517546217,12883.092404711913,9427.917174686585,0.0,0.0,
2349.174587293647,422.8514257128565,0.20319391744351112,0.12882923500569532,94.27884070401242,20319.391744351113,12882.923500569532,9427.884070401242,0.0,0.0,
2351.175587793897,423.2116058029015,0.2031932682467208,0.1288276124680821,94.27845641454158,20319.32682467208,12882.761246808212,9427.845641454158,0.0,0.0,
2353.176588294147,423.5717858929465,0.20319251211666478,0.12882608589314964,94.278027134951,20319.251211666477,12882.608589314965,9427.8027134951,0.0,0.0,
2355.1775887943973,423.93196598299147,0.20319166533824784,0.12882468237773131,94.27756181969924,20319.166533824784,12882.468237773131,9427.756181969924,0.0,0.0,
2357.1785892946473,424.2921460730365,0.20319074560910608,0.1288234261880897,94.27706993883801,20319.07456091061,12882.34261880897,9427.706993883801,0.0,0.0,
2359.1795897948978,424.65232616308157,0.20318977167862548,0.12882233835365975,94.27656128929347,20318.977167862548,12882.233835365974,9427.656128929348,0.0,0.0,
2361.180590295148,425.01250625312656,0.20318876297378652,0.12882143632957163,94.2760458034787,20318.87629737865,12882.143632957162,9427.60458034787,0.0,0.0,
2363.181590795398,425.3726863431716,0.20318773921915556,0.12882073373303474,94.275533358912,20318.773921915556,12882.073373303474,9427.5533358912,0.0,0.0,
2365.182591295648,425.7328664332166,0.20318672005831656,0.12882024015717253,94.27503359241464,20318.672005831657,12882.024015717252,9427.503359241464,0.0,0.0,
2367.1835917958983,426.0930465232617,0.2031857246838714,0.1288199610643718,94.27455572232195,20318.572468387138,12881.99610643718,9427.455572232195,0.0,0.0,
2369.1845922961484,426.4532266133067,0.2031847714828418,0.12881989775967026,94.27410838191838,20318.477148284182,12881.989775967026,9427.410838191838,0.0,0.0,
2371.1855927963984,426.8134067033517,0.20318387770388682,0.12882004744319117,94.27369946702137,20318.387770388683,12882.004744319118,9427.369946702138,0.0,0.0,
2373.1865932966484,427.1735867933967,0.2031830591522178,0.1288204033391623,94.27333600035583,20318.30591522178,12882.040333916231,9427.333600035583,0.0,0.0,
2375.1875937968985,427.53376688344173,0.20318232991746035,0.12882095489766154,94.2730240149386,20318.232991746034,12882.095489766154,9427.30240149386,0.0,0.0,
2377.188594297149,427.8939469734868,0.20318170213899311,0.12882168806393393,94.27276845834587,20318.170213899313,12882.168806393393,9427.276845834587,0.0,0.0,
2379.189594797399,428.2541270635318,0.20318118581250189,0.12882258560894833,94.27257311926951,20318.11858125019,12882.258560894832,9427.257311926951,0.0,0.0,
2381.190595297649,428.6143071535768,0.20318078864064104,0.12882362751382553,94.27244057734313,20318.078864064104,12882.362751382554,9427.244057734313,0.0,0.0,
2383.191595797899,428.9744872436218,0.2031805159298072,0.12882479139989017,94.27237217674647,20318.051592980722,12882.479139989016,9427.237217674647,0.0,0.0,
2385.192596298149,429.3346673336668,0.20318037053412474,0.12882605299539046,94.27236802366009,20318.037053412474,12882.605299539046,9427.23680236601,0.0,0.0,
2387.1935967983995,429.6948474237119,0.20318035284683011,0.12882738662940094,94.27242700716035,20318.03528468301,12882.738662940093,9427.242700716035,0.0,0.0,
2389.1945972986496,430.0550275137569,0.20318046083834398,0.12882876574308344,94.27254684274405,20318.046083834397,12882.876574308344,9427.254684274405,0.0,0.0,
2391.1955977988996,430.4152076038019,0.20318069013945236,0.12883016340833078,94.27272413723153,20318.069013945238,12883.016340833079,9427.272413723153,0.0,0.0,
2393.1965982991496,430.77538769384694,0.20318103416719452,0.12883155284385947,94.27295447343366,20318.103416719452,12883.155284385946,9427.295447343366,0.0,0.0,
2395.1975987993997,431.13556778389193,0.203181484290292,0.12883290791904192,94.27323251261527,20318.1484290292,12883.290791904192,9427.323251261527,0.0,0.0,
2397.19859929965,431.49574787393703,0.2031820300302655,0.12883420363617706,94.27355211250222,20318.20300302655,12883.420363617706,9427.355211250222,0.0,0.0,
2399.1995997999,431.855927963982,0.20318265929377974,0.128835416582471,94.27390645829603,20318.265929377972,12883.541658247099,9427.390645829602,0.0,0.0,
2401.20060030015,432.216108054027,0.20318335863124928,0.12883652534372947,94.27428820400297,20318.33586312493,12883.652534372946,9427.428820400297,0.0,0.0,
2403.2016008004002,432.576288144072,0.20318411351633103,0.12883751087263093,94.27468962120476,20318.4113516331,12883.751087263094,9427.468962120476,0.0,0.0,
2405.2026013006507,432.9364682341171,0.2031849086406319,0.12883835680543881,94.2751027523142,20318.49086406319,12883.835680543882,9427.51027523142,0.0,0.0,
2407.2036018009007,433.2966483241621,0.20318572821777606,0.1288390497220971,94.27551956534886,20318.572821777605,12883.904972209708,9427.551956534886,0.0,0.0,
2409.2046023011508,433.6568284142071,0.20318655629090535,0.12883957934581883,94.27593210725506,20318.655629090536,12883.957934581882,9427.593210725507,0.0,0.0,
2411.205602801401,434.01700850425215,0.2031873770377298,0.12883993867949484,94.2763326529154,20318.73770377298,12883.993867949484,9427.63326529154,0.0,0.0,
2413.206603301651,434.37718859429714,0.2031881750673988,0.12884012407749615,94.27671384709046,20318.81750673988,12884.012407749615,9427.671384709047,0.0,0.0,
2415.2076038019013,434.73736868434224,0.20318893570372387,0.12884013525269702,94.27706883674784,20318.893570372387,12884.013525269702,9427.706883674784,0.0,0.0,
2417.2086043021513,435.09754877438723,0.20318964524964225,0.1288399752197773,94.27739139143897,20318.964524964224,12883.99752197773,9427.739139143896,0.0,0.0,
2419.2096048024014,435.4577288644322,0.20319029122825988,0.12883965017705373,94.27767600967408,20319.02912282599,12883.965017705374,9427.767600967409,0.0,0.0,
2421.2106053026514,435.8179089544772,0.20319086259634273,0.128839169330216,94.27791800953196,20319.086259634274,12883.9169330216,9427.791800953197,0.0,0.0,
2423.2116058029014,436.17808904452227,0.2031913499267228,0.1288385446623835,94.27811360208851,20319.13499267228,12883.85446623835,9427.81136020885,0.0,0.0,
2425.212606303152,436.5382691345673,0.2031917455567406,0.12883779065583723,94.27825994657343,20319.17455567406,12883.779065583723,9427.825994657343,0.0,0.0,
2427.213606803402,436.8984492246123,0.20319204370054175,0.12883692397159796,94.27835518656813,20319.204370054176,12883.692397159795,9427.835518656813,0.0,0.0,
2429.214607303652,437.25862931465736,0.20319224052377244,0.1288359630937082,94.27839846690274,20319.224052377245,12883.596309370821,9427.839846690274,0.0,0.0,
2431.215607803902,437.61880940470235,0.20319233417995716,0.12883492794561574,94.27838993128172,20319.233417995718,12883.492794561575,9427.838993128173,0.0,0.0,
2433.216608304152,437.97898949474734,0.20319232480858204,0.12883383948644692,94.27833070105466,20319.232480858205,12883.383948644692,9427.833070105466,0.0,0.0,
2435.2176088044025,438.33916958479244,0.20319221449563155,0.12883271929519333,94.27822283587372,20319.221449563156,12883.271929519333,9427.822283587371,0.0,0.0,
2437.2186093046525,438.69934967483744,0.2031920071980251,0.12883158915091147,94.27806927731949,20319.20071980251,12883.158915091148,9427.806927731948,0.0,0.0,
2439.2196098049026,439.0595297648824,0.20319170863405597,0.12883047061695904,94.27787377689653,20319.170863405598,12883.047061695905,9427.787377689652,0.0,0.0,
2441.2206103051526,439.4197098549275,0.20319132614253846,0.12882938463706092,94.27764081002216,20319.132614253846,12882.938463706092,9427.764081002217,0.0,0.0,
2443.221610805403,439.7798899449725,0.2031908685139132,0.12882835115062732,94.2773754779325,20319.08685139132,12882.835115062733,9427.73754779325,0.0,0.0,
2445.222611305653,440.1400700350176,0.20319034579702835,0.12882738873424057,94.27708339955993,20319.034579702835,12882.738873424058,9427.708339955992,0.0,0.0,
2447.223611805903,440.50025012506256,0.20318976908570582,0.12882651427560082,94.27677059562883,20318.97690857058,12882.651427560082,9427.677059562884,0.0,0.0,
2449.224612306153,440.86043021510756,0.20318915028950663,0.12882574268548738,94.27644336730813,20318.91502895066,12882.574268548738,9427.644336730813,0.0,0.0,
2451.225612806403,441.22061030515255,0.20318850189332627,0.12882508665246906,94.2761081718102,20318.85018933263,12882.508665246905,9427.61081718102,0.0,0.0,
2453.2266133066537,441.58079039519765,0.20318783671057422,0.1288245564441996,94.27577149735436,20318.783671057423,12882.45564441996,9427.577149735436,0.0,0.0,
2455.2276138069037,441.94097048524264,0.20318716763472475,0.12882415975818098,94.27543973986577,20318.716763472476,12882.415975818098,9427.543973986578,0.0,0.0,
2457.2286143071537,442.30115057528764,0.2031865073939669,0.12882390162389115,94.27511908371586,20318.65073939669,12882.390162389114,9427.511908371587,0.0,0.0,
2459.229614807404,442.6613306653327,0.20318586831353455,0.12882378435716577,94.27481538867552,20318.586831353456,12882.378435716577,9427.481538867552,0.0,0.0,
2461.230615307654,443.0215107553777,0.20318526209006646,0.1288238075667223,94.27453408510438,20318.526209006646,12882.38075667223,9427.453408510437,0.0,0.0,
2463.2316158079043,443.3816908454228,0.20318469958203886,0.12882396821173311,94.27428007921553,20318.469958203885,12882.396821173312,9427.428007921553,0.0,0.0,
2465.2326163081543,443.7418709354678,0.20318419061993218,0.12882426070841155,94.27405766999938,20318.419061993216,12882.426070841155,9427.405766999938,0.0,0.0,
2467.2336168084043,444.10205102551276,0.20318374383935484,0.12882467708268908,94.27387047917448,20318.374383935483,12882.467708268907,9427.387047917447,0.0,0.0,
2469.2346173086544,444.46223111555776,0.20318336653985203,0.12882520716524656,94.27372139524516,20318.336653985203,12882.520716524656,9427.372139524516,0.0,0.0,
2471.235617808905,444.82241120560286,0.20318306457159255,0.12882583882443271,94.27361253245535,20318.306457159255,12882.583882443272,9427.361253245535,0.0,0.0,
2473.236618309155,445.18259129564785,0.20318284225155922,0.12882655823197117,94.27354520514474,20318.284225155923,12882.655823197118,9427.354520514475,0.0,0.0,
2475.237618809405,445.54277138569284,0.2031827023102815,0.1288273501558324,94.27351991770188,20318.27023102815,12882.735015583241,9427.351991770187,0.0,0.0,
2477.238619309655,445.9029514757379,0.2031826458695525,0.12882819827423758,94.27353637002017,20318.26458695525,12882.819827423758,9427.353637002017,0.0,0.0,
2479.239619809905,446.2631315657829,0.20318267245097982,0.12882908550447245,94.27359347805856,20318.26724509798,12882.908550447244,9427.359347805856,0.0,0.0,
2481.2406203101555,446.623311655828,0.20318278001463871,0.1288299943400262,94.27368940885214,20318.27800146387,12882.99943400262,9427.368940885213,0.0,0.0,
2483.2416208104055,446.983491745873,0.20318296502654262,0.128830907189529,94.2738216290339,20318.296502654262,12883.0907189529,9427.38216290339,0.0,0.0,
2485.2426213106555,447.343671835918,0.20318322255312302,0.12883180671104938,94.27398696570688,20318.3222553123,12883.180671104938,9427.398696570688,0.0,0.0,
2487.2436218109056,447.70385192596297,0.20318354638043495,0.12883267613551425,94.27418167828094,20318.354638043496,12883.267613551425,9427.418167828095,0.0,0.0,
2489.2446223111556,448.064032016008,0.20318392915537817,0.12883349957333545,94.27440153972474,20318.392915537817,12883.349957333545,9427.440153972473,0.0,0.0,
2491.245622811406,448.42421210605306,0.20318436254585737,0.1288342622987501,94.27464192551344,20318.436254585737,12883.42622987501,9427.464192551344,0.0,0.0,
2493.246623311656,448.78439219609805,0.20318483741650337,0.12883495100690415,94.27489790845276,20318.483741650336,12883.495100690414,9427.489790845275,0.0,0.0,
2495.247623811906,449.1445722861431,0.20318534401634433,0.12883555403931332,94.27516435748745,20318.53440163443,12883.555403931332,9427.516435748745,0.0,0.0,
2497.248624312156,449.5047523761881,0.20318587217465647,0.12883606157401567,94.27543603852317,20318.587217465647,12883.606157401568,9427.543603852317,0.0,0.0,
2499.249624812406,449.8649324662331,0.20318641150113811,0.12883646577746333,94.2757077153543,20318.64115011381,12883.646577746333,9427.57077153543,0.0,0.0,
2501.2506253126567,450.2251125562782,0.20318695158653927,0.12883676091598148,94.27597424876002,20318.695158653925,12883.676091598149,9427.597424876003,0.0,0.0,
2503.2516258129067,450.5852926463232,0.20318748219994162,0.12883694342542704,94.27623069193201,20318.748219994162,12883.694342542703,9427.623069193201,0.0,0.0,
2505.2526263131567,450.9454727363682,0.20318799347901784,0.12883701193849825,94.27647238050776,20318.799347901782,12883.701193849825,9427.647238050775,0.0,0.0,
2507.2536268134068,451.3056528264132,0.20318847610979787,0.12883696726995775,94.27669501559048,20318.84761097979,12883.696726995775,9427.669501559049,0.0,0.0,
2509.2546273136572,451.66583291645827,0.20318892149273404,0.12883681236082634,94.27689473831971,20318.892149273404,12883.681236082633,9427.689473831972,0.0,0.0,
2511.2556278139073,452.0260130065033,0.203189321892175,0.12883655218336237,94.27706819473539,20318.9321892175,12883.655218336238,9427.706819473538,0.0,0.0,
2513.2566283141573,452.3861930965483,0.20318967056672557,0.12883619360935192,94.27721258989472,20318.967056672558,12883.619360935192,9427.721258989472,0.0,0.0,
2515.2576288144073,452.7463731865933,0.20318996187837865,0.12883574524488448,94.27732573039687,20318.996187837864,12883.574524488447,9427.732573039686,0.0,0.0,
2517.2586293146574,453.1065532766383,0.20319019137874683,0.128835217235365,94.27740605474979,20319.019137874682,12883.5217235365,9427.740605474979,0.0,0.0,
2519.259629814908,453.4667333666834,0.20319035587118556,0.12883462104500815,94.27745265120738,20319.035587118557,12883.462104500815,9427.745265120739,0.0,0.0,
2521.260630315158,453.8269134567284,0.20319045344807898,0.12883396921546492,94.27746526298695,20319.0453448079,12883.396921546491,9427.746526298695,0.0,0.0,
2523.261630815408,454.1870935467734,0.20319048350304353,0.12883327510854076,94.27744428099062,20319.048350304354,12883.327510854077,9427.744428099062,0.0,0.0,
2525.262631315658,454.54727363681843,0.203190446718284,0.1288325526381727,94.27739072440863,20319.0446718284,12883.25526381727,9427.739072440863,0.0,0.0,
2527.263631815908,454.9074537268634,0.203190345027803,0.12883181599693996,94.27730620979256,20319.0345027803,12883.181599693997,9427.730620979255,0.0,0.0,
2529.2646323161584,455.2676338169085,0.20319018155760818,0.12883107938238642,94.27719290939832,20319.01815576082,12883.107938238642,9427.719290939833,0.0,0.0,
2531.2656328164085,455.6278139069535,0.20318996054447713,0.1288303567283386,94.27705349978535,20318.996054447714,12883.03567283386,9427.705349978536,0.0,0.0,
2533.2666333166585,455.9879939969985,0.20318968723521494,0.12882966144620936,94.27689110183255,20318.968723521495,12882.966144620936,9427.689110183255,0.0,0.0,
2535.2676338169085,456.3481740870435,0.2031893677686741,0.12882900618099596,94.27670921345921,20318.93677686741,12882.900618099597,9427.670921345922,0.0,0.0,
2537.2686343171586,456.70835417708855,0.20318900904308865,0.12882840258631315,94.27651163646135,20318.900904308866,12882.840258631315,9427.651163646135,0.0,0.0,
2539.269634817409,457.0685342671336,0.20318861857150614,0.1288278611223612,94.27630239895726,20318.861857150612,12882.78611223612,9427.630239895725,0.0,0.0,
2541.270635317659,457.4287143571786,0.20318820432827261,0.12882739088022127,94.27608567499188,20318.820432827262,12882.739088022126,9427.608567499188,0.0,0.0,
2543.271635817909,457.78889444722364,0.2031877745896418,0.12882699943530887,94.27586570287487,20318.77745896418,12882.699943530886,9427.586570287487,0.0,0.0,
2545.272636318159,458.14907453726863,0.20318733777163092,0.12882669273221264,94.27564670381578,20318.733777163092,12882.669273221265,9427.564670381578,0.0,0.0,
2547.2736368184096,458.50925462731374,0.20318690226824185,0.12882647500250982,94.27543280240202,20318.690226824187,12882.647500250981,9427.543280240203,0.0,0.0,
2549.2746373186596,458.86943471735873,0.20318647629309944,0.12882634871649837,94.27522795036657,20318.647629309944,12882.634871649836,9427.522795036657,0.0,0.0,
2551.2756378189097,459.2296148074037,0.20318606772743816,0.12882631456912685,94.27503585505053,20318.606772743817,12882.631456912686,9427.503585505054,0.0,0.0,
2553.2766383191597,459.5897948974487,0.20318568397719375,0.12882637149975215,94.27485991381172,20318.568397719373,12882.637149975215,9427.485991381172,0.0,0.0,
2555.2776388194097,459.94997498749376,0.2031853318417326,0.12882651674472342,94.27470315551301,20318.53318417326,12882.651674472343,9427.470315551302,0.0,0.0,
2557.27863931966,460.3101550775388,0.20318501739648503,0.12882674592119053,94.27456819005899,20318.501739648502,12882.674592119054,9427.456819005898,0.0,0.0,
2559.2796398199102,460.6703351675838,0.20318474589144367,0.12882705313997347,94.27445716680215,20318.474589144367,12882.705313997347,9427.445716680215,0.0,0.0,
2561.2806403201603,461.03051525762885,0.20318452166715215,0.12882743114482312,94.27437174241591,20318.452166715215,12882.743114482311,9427.437174241591,0.0,0.0,
2563.2816408204103,461.39069534767384,0.20318434808944852,0.128827871474953,94.27431305868981,20318.43480894485,12882.7871474953,9427.43130586898,0.0,0.0,
2565.2826413206603,461.75087543771883,0.20318422750384948,0.12882836464734063,94.27428173047241,20318.422750384947,12882.836464734062,9427.428173047241,0.0,0.0,
2567.283641820911,462.11105552776394,0.20318416121007563,0.1288289003549882,94.27427784379137,20318.41612100756,12882.89003549882,9427.427784379137,0.0,0.0,
2569.284642321161,462.47123561780893,0.2031841494568259,0.12882946767710107,94.27430096402327,20318.41494568259,12882.946767710107,9427.430096402328,0.0,0.0,
2571.285642821411,462.8314157078539,0.20318419145652628,0.12883005529699104,94.27435015374573,20318.419145652628,12883.005529699105,9427.435015374573,0.0,0.0,
2573.286643321661,463.19159579789897,0.20318428541940484,0.12883065172344305,94.27442399977996,20318.428541940484,12883.065172344304,9427.442399977996,0.0,0.0,
2575.287643821911,463.55177588794396,0.203184428605892,0.12883124551129593,94.27452064871893,20318.4428605892,12883.124551129593,9427.452064871894,0.0,0.0,
2577.2886443221614,463.911955977989,0.20318461739601593,0.12883182547708052,94.27463785013296,20318.461739601593,12883.182547708053,9427.463785013297,0.0,0.0,
2579.2896448224114,464.27213606803406,0.20318484737416811,0.12883238090572785,94.27477300648552,20318.484737416813,12883.238090572784,9427.477300648552,0.0,0.0,
2581.2906453226615,464.63231615807905,0.20318511342735113,0.12883290174460235,94.27492322868027,20318.511342735113,12883.290174460235,9427.492322868027,0.0,0.0,
2583.2916458229115,464.99249624812404,0.20318540985480224,0.12883337878142195,94.27508539611159,20318.540985480224,12883.337878142196,9427.508539611159,0.0,0.0,
2585.292646323162,465.35267633816915,0.20318573048670874,0.12883380380299597,94.27525621997589,20318.573048670874,12883.380380299597,9427.525621997589,0.0,0.0,
2587.293646823412,465.71285642821414,0.20318606880960188,0.1288341697321298,94.27543230859604,20318.60688096019,12883.41697321298,9427.543230859605,0.0,0.0,
2589.294647323662,466.07303651825913,0.20318641809593324,0.12883447074050808,94.27561023348224,20318.641809593326,12883.447074050808,9427.561023348224,0.0,0.0,
2591.295647823912,466.4332166083042,0.20318677153530568,0.12883470233586178,94.27578659487226,20318.677153530567,12883.470233586178,9427.578659487226,0.0,0.0,
2593.296648324162,466.79339669834917,0.20318712236484443,0.1288348614222434,94.27595808551618,20318.712236484444,12883.48614222434,9427.595808551618,0.0,0.0,
2595.2976488244126,467.1535767883943,0.20318746399625787,0.12883494633276557,94.27612155152923,20318.746399625787,12883.494633276558,9427.612155152923,0.0,0.0,
2597.2986493246626,467.51375687843927,0.20318779013724475,0.12883495683469123,94.27627404921822,20318.779013724474,12883.495683469124,9427.627404921821,0.0,0.0,
2599.2996498249126,467.87393696848426,0.20318809490505474,0.1288348941072895,94.27641289688545,20318.809490505475,12883.48941072895,9427.641289688545,0.0,0.0,
2601.3006503251627,468.23411705852925,0.20318837293019856,0.12883476069338026,94.27653572070842,20318.837293019857,12883.476069338027,9427.653572070842,0.0,0.0,
2603.3016508254127,468.59429714857424,0.20318861944852737,0.12883456042597147,94.2766404939528,20318.861944852735,12883.456042597147,9427.66404939528,0.0,0.0,
2605.302651325663,468.95447723861935,0.2031888303801536,0.12883429833183901,94.27672556889154,20318.88303801536,12883.429833183902,9427.672556889154,0.0,0.0,
2607.303651825913,469.31465732866434,0.20318900239396376,0.1288339805143022,94.27678970095434,20318.900239396375,12883.39805143022,9427.678970095434,0.0,0.0,
2609.3046523261633,469.6748374187094,0.2031891329567692,0.1288336140177999,94.27683206481531,20318.913295676917,12883.361401779992,9427.683206481532,0.0,0.0,
2611.3056528264133,470.0350175087544,0.2031892203664488,0.12883320667716877,94.2768522622361,20318.92203664488,12883.320667716876,9427.68522622361,0.0,0.0,
2613.3066533266633,470.39519759879937,0.20318926376875407,0.1288327669547607,94.276850321693,20318.926376875406,12883.27669547607,9427.6850321693,0.0,0.0,
2615.307653826914,470.7553776888445,0.20318926315776048,0.1288323037687091,94.2768266899302,20318.926315776047,12883.23037687091,9427.68266899302,0.0,0.0,
2617.308654327164,471.11555777888947,0.20318921936026096,0.12883182631575826,94.27678221576213,20318.921936026098,12883.182631575826,9427.678221576212,0.0,0.0,
2619.309654827414,471.47573786893446,0.20318913400469413,0.1288313438921107,94.2767181265608,20318.913400469413,12883.13438921107,9427.671812656079,0.0,0.0,
2621.310655327664,471.8359179589795,0.20318900947548257,0.12883086571571922,94.27663599802096,20318.900947548256,12883.086571571923,9427.663599802096,0.0,0.0,
2623.3116558279144,472.19609804902456,0.20318884885391608,0.12883040075335933,94.27653771790087,20318.88488539161,12883.040075335934,9427.653771790086,0.0,0.0,
2625.3126563281644,472.55627813906955,0.20318865584694756,0.1288299575556646,94.27642544452247,20318.865584694755,12882.995755566459,9427.642544452247,0.0,0.0,
2627.3136568284144,472.9164582291146,0.20318843470547418,0.1288295441030979,94.27630156092667,20318.843470547417,12882.95441030979,9427.630156092668,0.0,0.0,
2629.3146573286645,473.2766383191596,0.20318819013384412,0.1288291676655679,94.27616862563147,20318.81901338441,12882.91676655679,9427.616862563147,0.0,0.0,
2631.3156578289145,473.6368184092046,0.20318792719246417,0.12882883467809236,94.27602932097821,20318.792719246416,12882.883467809237,9427.602932097821,0.0,0.0,
2633.316658329165,473.9969984992497,0.20318765119547813,0.1288285506345606,94.27588640009434,20318.765119547814,12882.855063456062,9427.588640009433,0.0,0.0,
2635.317658829415,474.3571785892947,0.2031873676055436,0.1288283200012678,94.27574263350638,20318.73676055436,12882.832000126778,9427.574263350638,0.0,0.0,
2637.318659329665,474.71735867933967,0.2031870819277504,0.12882814615148763,94.27560075640913,20318.70819277504,12882.814615148764,9427.560075640913,0.0,0.0,
2639.319659829915,475.0775387693847,0.20318679960470343,0.12882803132193005,94.27546341758045,20318.67996047034,12882.803132193005,9427.546341758045,0.0,0.0,
2641.320660330165,475.4377188594297,0.20318652591473244,0.12882797659149997,94.2753331308859,20318.652591473245,12882.797659149997,9427.53331308859,0.0,0.0,
2643.3216608304156,475.79789894947476,0.20318626587509525,0.12882798188234487,94.27521223022292,20318.626587509527,12882.798188234487,9427.521223022291,0.0,0.0,
2645.3226613306656,476.1580790395198,0.20318602415191317,0.1288280459827572,94.27510282871185,20318.602415191315,12882.804598275721,9427.510282871186,0.0,0.0,
2647.3236618309156,476.5182591295648,0.20318580497841604,0.12882816659109458,94.27500678281739,20318.580497841605,12882.816659109458,9427.500678281738,0.0,0.0,
2649.3246623311657,476.8784392196098,0.20318561208288963,0.12882834037949634,94.27492566199072,20318.561208288964,12882.834037949633,9427.492566199073,0.0,0.0,
2651.3256628314157,477.2386193096548,0.2031854486275073,0.12882856307582688,94.27486072429852,20318.54486275073,12882.856307582688,9427.486072429852,0.0,0.0,
2653.326663331666,477.5987993996999,0.20318531715900195,0.12882882956195835,94.27481289839227,20318.531715900197,12882.882956195836,9427.481289839227,0.0,0.0,
2655.327663831916,477.9589794897449,0.20318521957189106,0.12882913398623297,94.27478277205141,20318.521957189107,12882.913398623297,9427.47827720514,0.0,0.0,
2657.328664332166,478.3191595797899,0.20318515708471818,0.12882946988771699,94.27477058736987,20318.51570847182,12882.946988771699,9427.477058736988,0.0,0.0,
2659.3296648324163,478.6793396698349,0.20318513022951934,0.12882983032967849,94.27477624258454,20318.513022951935,12882.983032967848,9427.477624258454,0.0,0.0,
2661.3306653326667,479.03951975988,0.2031851388544685,0.1288302080395963,94.27479930035977,20318.51388544685,12883.02080395963,9427.479930035977,0.0,0.0,
2663.3316658329168,479.399699849925,0.20318518213940948,0.12883059555293067,94.27483900227733,20318.518213940948,12883.059555293066,9427.483900227733,0.0,0.0,
2665.332666333167,479.75987993997,0.2031852586237407,0.128830985357869,94.27489428912453,20318.52586237407,12883.0985357869,9427.489428912453,0.0,0.0,
2667.333666833417,480.120060030015,0.2031853662458983,0.12883137003829034,94.27496382649618,20318.53662458983,12883.137003829035,9427.496382649617,0.0,0.0,
2669.334667333667,480.48024012006,0.20318550239347602,0.12883174241227838,94.27504603512803,20318.5502393476,12883.174241227838,9427.504603512803,0.0,0.0,
2671.3356678339173,480.8404202101051,0.20318566396283755,0.12883209566364429,94.27513912530432,20318.566396283753,12883.209566364429,9427.513912530432,0.0,0.0,
2673.3366683341674,481.2006003001501,0.2031858474269178,0.1288324234641016,94.27524113460419,20318.584742691783,12883.24234641016,9427.524113460418,0.0,0.0,
2675.3376688344174,481.56078039019513,0.2031860489097804,0.12883272008395286,94.27534996822084,20318.60489097804,12883.272008395286,9427.534996822083,0.0,0.0,
2677.3386693346674,481.9209604802401,0.2031862642663947,0.12883298048940708,94.27546344103745,20318.62642663947,12883.29804894071,9427.546344103745,0.0,0.0,
2679.3396698349175,482.2811405702851,0.2031864891660282,0.12883320042493232,94.2755793206334,20318.64891660282,12883.320042493233,9427.55793206334,0.0,0.0,
2681.340670335168,482.6413206603302,0.2031867191776087,0.12883337647936188,94.27569537038977,20318.67191776087,12883.337647936189,9427.569537038977,0.0,0.0,
2683.341670835418,483.0015007503752,0.2031869498554058,0.12883350613480254,94.27580939187793,20318.69498554058,12883.350613480254,9427.580939187792,0.0,0.0,
2685.342671335668,483.3616808404202,0.20318717682340373,0.1288335877977371,94.27591926574036,20318.71768234037,12883.35877977371,9427.591926574036,0.0,0.0,
2687.343671835918,483.72186093046525,0.20318739585679463,0.12883362081206176,94.27602299032033,20318.73958567946,12883.362081206176,9427.602299032033,0.0,0.0,
2689.3446723361685,484.0820410205103,0.20318760295910238,0.12883360545414474,94.2761187173509,20318.760295910237,12883.360545414474,9427.61187173509,0.0,0.0,
2691.3456728364185,484.4422211105553,0.20318779443355933,0.12883354291033286,94.27620478407754,20318.779443355932,12883.354291033285,9427.620478407753,0.0,0.0,
2693.3466733366686,484.80240120060034,0.20318796694749156,0.1288334352376561,94.27627974128258,20318.796694749155,12883.343523765612,9427.627974128258,0.0,0.0,
2695.3476738369186,485.16258129064533,0.20318811758862343,0.1288332853087851,94.27634237674654,20318.811758862343,12883.32853087851,9427.634237674654,0.0,0.0,
2697.3486743371686,485.5227613806903,0.20318824391238607,0.12883309674257493,94.27639173379175,20318.824391238606,12883.309674257493,9427.639173379175,0.0,0.0,
2699.349674837419,485.88294147073543,0.20318834397950108,0.12883287382177708,94.2764271246491,20318.834397950108,12883.287382177708,9427.64271246491,0.0,0.0,
2701.350675337669,486.2431215607804,0.20318841638330837,0.12883262139971458,94.27644813849065,20318.841638330836,12883.262139971457,9427.644813849065,0.0,0.0,
2703.351675837919,486.6033016508254,0.20318846026651108,0.12883234479789135,94.27645464407169,20318.846026651107,12883.234479789135,9427.64546440717,0.0,0.0,
2705.352676338169,486.96348174087046,0.20318847532721693,0.12883204969664228,94.2764467870318,20318.84753272169,12883.204969664228,9427.64467870318,0.0,0.0,
2707.3536768384192,487.32366183091546,0.20318846181436037,0.12883174202102166,94.27642498201652,20318.846181436038,12883.174202102166,9427.642498201652,0.0,0.0,
2709.3546773386697,487.6838419209605,0.2031884205127884,0.12883142782417842,94.27638989984585,20318.84205127884,12883.142782417843,9427.638989984585,0.0,0.0,
2711.3556778389197,488.04402201100555,0.20318835271848457,0.12883111317047122,94.27634245007623,20318.835271848457,12883.111317047122,9427.634245007623,0.0,0.0,
2713.35667833917,488.40420210105054,0.20318826020458253,0.12883080402054023,94.27628375937364,20318.82602045825,12883.080402054024,9427.628375937364,0.0,0.0,
2715.35767883942,488.76438219109554,0.20318814517898312,0.12883050612047287,94.27621514617809,20318.81451789831,12883.050612047287,9427.62151461781,0.0,0.0,
2717.35867933967,489.1245622811405,0.2031880102345325,0.1288302248970847,94.27613809220722,20318.801023453252,12883.02248970847,9427.613809220722,0.0,0.0,
2719.3596798399203,489.48474237118563,0.20318785829284178,0.12882996536118282,94.27605421139897,20318.785829284177,12882.996536118282,9427.605421139897,0.0,0.0,
2721.3606803401703,489.8449224612306,0.20318769254292895,0.12882973202049272,94.27596521693627,20318.769254292896,12882.973202049272,9427.596521693627,0.0,0.0,
2723.3616808404204,490.2051025512757,0.20318751637594018,0.12882952880371656,94.27587288699803,20318.751637594018,12882.952880371657,9427.587288699802,0.0,0.0,
2725.3626813406704,490.56528264132066,0.20318733331725725,0.1288293589969515,94.27577902991747,20318.733331725725,12882.93589969515,9427.577902991747,0.0,0.0,
2727.363681840921,490.92546273136577,0.2031871469573248,0.12882922519344212,94.27568544941666,20318.71469573248,12882.92251934421,9427.568544941665,0.0,0.0,
2729.364682341171,491.28564282141076,0.20318696088252822,0.1288291292573683,94.27559391057241,20318.696088252822,12882.912925736831,9427.55939105724,0.0,0.0,
2731.365682841421,491.64582291145575,0.20318677860743026,0.12882907230209367,94.27550610714684,20318.677860743024,12882.907230209366,9427.550610714683,0.0,0.0,
2733.366683341671,492.00600300150074,0.20318660350962098,0.1288290546830172,94.27542363086694,20318.660350962098,12882.90546830172,9427.542363086694,0.0,0.0,
2735.367683841921,492.36618309154574,0.20318643876836637,0.12882907600489238,94.27534794320901,20318.643876836635,12882.907600489238,9427.534794320902,0.0,0.0,
2737.3686843421715,492.72636318159084,0.20318628730814445,0.12882913514320726,94.27528035016616,20318.628730814446,12882.913514320726,9427.528035016616,0.0,0.0,
2739.3696848424215,493.08654327163583,0.20318615174804663,0.12882923027896057,94.27522198042378,20318.615174804665,12882.923027896057,9427.522198042378,0.0,0.0,
2741.3706853426715,493.4467233616809,0.20318603435789273,0.12882935894592812,94.27517376729776,20318.60343578927,12882.935894592812,9427.517376729777,0.0,0.0,
2743.3716858429216,493.8069034517259,0.20318593702176452,0.1288295180892947,94.2751364346953,20318.59370217645,12882.951808929469,9427.51364346953,0.0,0.0,
2745.3726863431716,494.16708354177086,0.20318586120951107,0.1288297041343322,94.27511048730362,20318.586120951106,12882.97041343322,9427.511048730363,0.0,0.0,
2747.373686843422,494.52726363181597,0.20318580795661645,0.12882991306363975,94.27509620510185,20318.580795661645,12882.991306363974,9427.509620510185,0.0,0.0,
2749.374687343672,494.88744372186096,0.20318577785265604,0.1288301405013268,94.27509364222797,20318.577785265603,12883.014050132679,9427.509364222797,0.0,0.0,
2751.375687843922,495.24762381190595,0.20318577103840058,0.12883038180241885,94.27510263013421,20318.577103840056,12883.038180241885,9427.51026301342,0.0,0.0,
2753.376688344172,495.607803901951,0.20318578721146308,0.1288306321456989,94.27512278489982,20318.578721146307,12883.06321456989,9427.512278489981,0.0,0.0,
2755.377688844422,495.967983991996,0.20318582564022347,0.1288308866281649,94.27515351848002,20318.58256402235,12883.088662816488,9427.515351848002,0.0,0.0,
2757.3786893446727,496.32816408204104,0.2031858851856147,0.1288311403592874,94.27519405361016,20318.58851856147,12883.114035928738,9427.519405361016,0.0,0.0,
2759.3796898449227,496.6883441720861,0.2031859643302123,0.12883138855328796,94.27524344200991,20318.59643302123,12883.138855328796,9427.52434420099,0.0,0.0,
2761.3806903451728,497.0485242621311,0.20318606121394306,0.12883162661772962,94.27530058548622,20318.606121394307,12883.162661772962,9427.530058548622,0.0,0.0,
2763.381690845423,497.4087043521761,0.20318617367561384,0.1288318502368119,94.27536425948384,20318.617367561383,12883.18502368119,9427.536425948383,0.0,0.0,
2765.3826913456733,497.7688844422212,0.20318629929936838,0.12883205544789228,94.2754331385854,20318.629929936837,12883.205544789227,9427.54331385854,0.0,0.0,
2767.3836918459233,498.12906453226617,0.20318643546510168,0.12883223870991184,94.27550582345333,20318.643546510168,12883.223870991184,9427.550582345333,0.0,0.0,
2769.3846923461733,498.48924462231116,0.2031865794018048,0.12883239696257964,94.27558086866746,20318.657940180477,12883.239696257964,9427.558086866746,0.0,0.0,
2771.3856928464234,498.8494247123562,0.20318672824277745,0.12883252767536751,94.27565681092076,20318.672824277746,12883.252767536751,9427.565681092077,0.0,0.0,
2773.3866933466734,499.2096048024012,0.20318687908162894,0.1288326288855757,94.27573219703274,20318.687908162894,12883.26288855757,9427.573219703274,0.0,0.0,
2775.387693846924,499.56978489244625,0.2031870290279932,0.1288326992249519,94.27580561124914,20318.70290279932,12883.269922495192,9427.580561124914,0.0,0.0,
2777.388694347174,499.9299649824913,0.20318717526190974,0.12883273793457095,94.27587570133471,20318.717526190972,12883.273793457096,9427.587570133472,0.0,0.0,
2779.389694847424,500.2901450725363,0.20318731508586582,0.12883274486791088,94.27594120297115,20318.73150858658,12883.274486791088,9427.594120297115,0.0,0.0,
2781.390695347674,500.6503251625813,0.20318744597355876,0.12883272048228592,94.27600096205606,20318.744597355875,12883.272048228591,9427.600096205606,0.0,0.0,
2783.391695847924,501.0105052526263,0.20318756561451665,0.12883266581901306,94.27605395448778,20318.756561451664,12883.266581901307,9427.605395448778,0.0,0.0,
2785.3926963481745,501.3706853426714,0.20318767195380943,0.12883258247289722,94.27609930313324,20318.767195380944,12883.258247289723,9427.609930313323,0.0,0.0,
2787.3936968484245,501.73086543271637,0.2031877632261905,0.12883247255180913,94.27613629170273,20318.77632261905,12883.247255180913,9427.613629170273,0.0,0.0,
2789.3946973486745,502.0910455227614,0.2031878379841257,0.12883233862730514,94.27616437531631,20318.78379841257,12883.233862730514,9427.616437531631,0.0,0.0,
2791.3956978489246,502.4512256128064,0.20318789511929233,0.12883218367738905,94.2761831876445,20318.789511929233,12883.218367738906,9427.618318764451,0.0,0.0,
2793.3966983491746,502.8114057028514,0.20318793387726317,0.12883201102264474,94.2761925445227,20318.793387726317,12883.201102264475,9427.619254452271,0.0,0.0,
2795.397698849425,503.1715857928965,0.20318795386522293,0.12883182425707124,94.27619244406836,20318.79538652229,12883.182425707124,9427.619244406837,0.0,0.0,
2797.398699349675,503.5317658829415,0.20318795505270126,0.12883162717502689,94.27618306333764,20318.795505270125,12883.162717502688,9427.618306333765,0.0,0.0,
2799.399699849925,503.8919459729865,0.203187937765437,0.12883142369573708,94.27616475166167,20318.793776543702,12883.142369573708,9427.616475166167,0.0,0.0,
2801.400700350175,504.2521260630315,0.20318790267261777,0.1288312177868398,94.27613802084747,20318.79026726178,12883.12177868398,9427.613802084747,0.0,0.0,
2803.4017008504256,504.6123061530766,0.2031878507678587,0.12883101338843214,94.27610353248413,20318.78507678587,12883.101338843215,9427.610353248412,0.0,0.0,
2805.4027013506757,504.9724862431216,0.20318778334439602,0.12883081433904667,94.27606208265419,20318.7783344396,12883.081433904666,9427.606208265419,0.0,0.0,
2807.4037018509257,505.3326663331666,0.2031877019650731,0.12883062430492112,94.2760145843855,20318.77019650731,12883.062430492113,9427.60145843855,0.0,0.0,
2809.4047023511757,505.6928464232116,0.20318760842778189,0.12883044671383906,94.27596204820563,20318.76084277819,12883.044671383906,9427.596204820562,0.0,0.0,
2811.4057028514258,506.0530265132566,0.20318750472709865,0.12883028469470786,94.2759055612276,20318.750472709864,12883.028469470786,9427.590556122761,0.0,0.0,
2813.4067033516762,506.4132066033017,0.2031873930129102,0.12883014102391016,94.27584626516048,20318.739301291018,12883.014102391016,9427.584626516049,0.0,0.0,
2815.4077038519263,506.7733866933467,0.20318727554686875,0.12883001807931851,94.27578533370688,20318.727554686873,12883.00180793185,9427.578533370688,0.0,0.0,
2817.4087043521763,507.1335667833917,0.20318715465753961,0.12882991780270003,94.27572394976238,20318.71546575396,12882.991780270004,9427.572394976238,0.0,0.0,
2819.4097048524263,507.49374687343675,0.2031870326951143,0.12882984167106656,94.27566328287051,20318.70326951143,12882.984167106657,9427.566328287052,0.0,0.0,
2821.4107053526764,507.85392696348174,0.2031869119865534,0.12882979067734698,94.27560446734857,20318.69119865534,12882.9790677347,9427.560446734857,0.0,0.0,
2823.411705852927,508.2141070535268,0.20318679479200047,0.1288297653205732,94.27554858148375,20318.679479200047,12882.976532057319,9427.554858148374,0.0,0.0,
2825.412706353177,508.57428714357184,0.2031866832632669,0.1288297656055899,94.2754966281723,20318.66832632669,12882.97656055899,9427.549662817231,0.0,0.0,
2827.413706853427,508.93446723361683,0.20318657940513518,0.1288297910521164,94.2754495173468,20318.65794051352,12882.97910521164,9427.54495173468,0.0,0.0,
2829.414707353677,509.2946473236618,0.2031864850401599,0.12882984071281642,94.27540805048534,20318.64850401599,12882.984071281642,9427.540805048535,0.0,0.0,
2831.415707853927,509.6548274137068,0.20318640177756772,0.1288299131998669,94.2753729074605,20318.640177756773,12882.99131998669,9427.53729074605,0.0,0.0,
2833.4167083541774,510.0150075037519,0.2031863309867685,0.12883000671936598,94.2753446359301,20318.63309867685,12883.000671936597,9427.53446359301,0.0,0.0,
2835.4177088544275,510.3751875937969,0.20318627377589307,0.12883011911278455,94.27532364342699,20318.627377589306,12883.011911278456,9427.532364342698,0.0,0.0,
2837.4187093546775,510.73536768384196,0.20318623097567057,0.12883024790454675,94.275310192249,20318.623097567055,12883.024790454676,9427.5310192249,0.0,0.0,
2839.4197098549275,511.09554777388695,0.2031862031288514,0.1288303903547268,94.2753043971811,20318.62031288514,12883.039035472679,9427.53043971811,0.0,0.0,
2841.420710355178,511.455727863932,0.20318619048527348,0.12883054351576964,94.27530622605961,20318.619048527347,12883.054351576964,9427.530622605962,0.0,0.0,
2843.421710855428,511.81590795397705,0.20318619300255988,0.12883070429208998,94.27531550310013,20318.61930025599,12883.070429208998,9427.531550310014,0.0,0.0,
2845.422711355678,512.176088044022,0.20318621035233136,0.12883086950136796,94.27533191488497,20318.621035233136,12883.086950136796,9427.533191488497,0.0,0.0,
2847.423711855928,512.5362681340671,0.2031862419317137,0.12883103593635117,94.27535501883474,20318.62419317137,12883.103593635118,9427.535501883474,0.0,0.0,
2849.424712356178,512.8964482241121,0.20318628687982399,0.12883120042598498,94.2753842539768,20318.6286879824,12883.120042598497,9427.538425397679,0.0,0.0,
2851.4257128564286,513.2566283141572,0.2031863440988327,0.12883135989472674,94.27541895374912,20318.63440988327,12883.135989472674,9427.541895374912,0.0,0.0,
2853.4267133566786,513.6168084042022,0.2031864122791176,0.12883151141895627,94.27545836055695,20318.64122791176,12883.151141895627,9427.545836055695,0.0,0.0,
2855.4277138569287,513.9769884942472,0.20318648992795837,0.12883165227946858,94.2755016417957,20318.64899279584,12883.165227946858,9427.55016417957,0.0,0.0,
2857.4287143571787,514.3371685842922,0.20318657540116408,0.1288317800091282,94.27554790698969,20318.65754011641,12883.17800091282,9427.554790698969,0.0,0.0,
2859.4297148574287,514.6973486743371,0.20318666693697984,0.12883189243487392,94.27559622570327,20318.666693697985,12883.189243487392,9427.559622570327,0.0,0.0,
2861.430715357679,515.0575287643823,0.20318676269159033,0.12883198771338245,94.27564564588847,20318.676269159034,12883.198771338244,9427.564564588847,0.0,0.0,
2863.4317158579292,515.4177088544272,0.20318686077551826,0.1288320643598347,94.27569521228494,20318.686077551825,12883.206435983471,9427.569521228494,0.0,0.0,
2865.4327163581793,515.7778889444722,0.20318695929021247,0.1288321212693674,94.27574398455987,20318.695929021247,12883.212126936742,9427.574398455987,0.0,0.0,
2867.4337168584293,516.1380690345172,0.2031870563641309,0.12883215773093928,94.27579105481287,20318.70563641309,12883.215773093929,9427.579105481287,0.0,0.0,
2869.4347173586793,516.4982491245622,0.2031871501876444,0.1288321734334907,94.27583556415377,20318.71501876444,12883.217343349072,9427.583556415377,0.0,0.0,
2871.43571785893,516.8584292146073,0.20318723904612282,0.1288321684644215,94.2758767180391,20318.72390461228,12883.21684644215,9427.58767180391,0.0,0.0,
2873.43671835918,517.2186093046523,0.20318732135061165,0.12883214330055917,94.27591380011674,20318.732135061164,12883.214330055916,9427.591380011674,0.0,0.0,
2875.43771885943,517.5787893946973,0.20318739566556301,0.12883209879192672,94.27594618432407,20318.7395665563,12883.209879192673,9427.594618432408,0.0,0.0,
2877.43871935968,517.9389694847424,0.20318746073315114,0.1288320361387507,94.27597334506167,20318.746073315113,12883.203613875068,9427.597334506167,0.0,0.0,
2879.4397198599304,518.2991495747874,0.20318751549377542,0.12883195686226961,94.27599486527475,20318.751549377543,12883.195686226962,9427.599486527475,0.0,0.0,
2881.4407203601804,518.6593296648325,0.2031875591024337,0.12883186277001,94.27601044233418,20318.75591024337,12883.186277001,9427.601044233419,0.0,0.0,
2883.4417208604305,519.0195097548775,0.20318759094073285,0.12883175591628987,94.27601989164069,20318.759094073284,12883.175591628988,9427.601989164068,0.0,0.0,
2885.4427213606805,519.3796898449225,0.20318761062438984,0.1288316385587846,94.27602314793202,20318.761062438985,12883.16385587846,9427.602314793203,0.0,0.0,
2887.4437218609305,519.7398699349675,0.2031876180061649,0.1288315131120507,94.27602026430559,20318.76180061649,12883.15131120507,9427.602026430559,0.0,0.0,
2889.444722361181,520.1000500250126,0.20318761317425646,0.12883138209894304,94.27601140902291,20318.761317425648,12883.138209894305,9427.601140902292,0.0,0.0,
2891.445722861431,520.4602301150576,0.20318759644627193,0.12883124810088328,94.2759968601961,20318.759644627193,12883.124810088328,9427.59968601961,0.0,0.0,
2893.446723361681,520.8204102051026,0.20318756835896998,0.12883111370794237,94.2759769984862,20318.756835897,12883.111370794237,9427.59769984862,0.0,0.0,
2895.447723861931,521.1805902951476,0.20318752965404754,0.12883098146968433,94.27595229800805,20318.752965404754,12883.098146968434,9427.595229800805,0.0,0.0,
2897.448724362181,521.5407703851926,0.20318748126031325,0.12883085384768758,94.27592331562859,20318.748126031325,12883.085384768758,9427.592331562859,0.0,0.0,
2899.4497248624316,521.9009504752377,0.20318742427265166,0.12883073317061045,94.2758906788986,20318.742427265166,12883.073317061044,9427.589067889861,0.0,0.0,
2901.4507253626816,522.2611305652827,0.2031873599282353,0.1288306215926038,94.27585507287206,20318.73599282353,12883.06215926038,9427.585507287205,0.0,0.0,
2903.4517258629317,522.6213106553276,0.20318728958048612,0.12883052105579587,94.27581722608697,20318.728958048614,12883.052105579587,9427.581722608697,0.0,0.0,
2905.4527263631817,522.9814907453726,0.20318721467132034,0.1288304332574824,94.2757778959715,20318.721467132033,12883.043325748238,9427.57778959715,0.0,0.0,
2907.4537268634317,523.3416708354177,0.20318713670223346,0.12883035962255635,94.27573785398486,20318.713670223347,12883.035962255635,9427.573785398487,0.0,0.0,
2909.454727363682,523.7018509254627,0.20318705720479383,0.12883030128160117,94.27569787076409,20318.705720479382,12883.030128160117,9427.569787076409,0.0,0.0,
2911.455727863932,524.0620310155077,0.20318697771111435,0.12883025905495674,94.2756587015615,20318.697771111434,12883.025905495673,9427.56587015615,0.0,0.0,
2913.4567283641823,524.4222111055528,0.20318689972486043,0.12883023344294875,94.27562107224118,20318.68997248604,12883.023344294876,9427.562107224117,0.0,0.0,
2915.4577288644323,524.7823911955978,0.2031868246933335,0.12883022462235255,94.27558566609532,20318.682469333347,12883.022462235254,9427.558566609532,0.0,0.0,
2917.4587293646828,525.1425712856429,0.20318675398113759,0.12883023244904204,94.27555311170651,20318.67539811376,12883.023244904205,9427.555311170652,0.0,0.0,
2919.459729864933,525.5027513756879,0.20318668884589824,0.12883025646665935,94.27552397207096,20318.668884589824,12883.025646665936,9427.552397207095,0.0,0.0,
2921.460730365183,525.8629314657329,0.2031866304164543,0.12883029592102982,94.2754987351626,20318.663041645428,12883.029592102981,9427.54987351626,0.0,0.0,
2923.461730865433,526.2231115557779,0.20318657967388992,0.12883034977994298,94.27547780609454,20318.657967388994,12883.034977994299,9427.547780609455,0.0,0.0,
2925.462731365683,526.5832916458229,0.2031865374357129,0.1288304167578264,94.27546150098729,20318.653743571293,12883.041675782639,9427.54615009873,0.0,0.0,
2927.4637318659334,526.943471735868,0.20318650434341987,0.12883049534475483,94.27545004264024,20318.650434341987,12883.049534475482,9427.545004264024,0.0,0.0,
2929.4647323661834,527.303651825913,0.20318648085362112,0.12883058383916585,94.27544355804318,20318.64808536211,12883.058383916585,9427.544355804317,0.0,0.0,
2931.4657328664334,527.663831915958,0.20318646723282743,0.12883068038359458,94.2754420777514,20318.64672328274,12883.068038359457,9427.544207775141,0.0,0.0,
2933.4667333666835,528.024012006003,0.20318646355592887,0.12883078300269607,94.27544553708869,20318.646355592886,12883.078300269606,9427.544553708869,0.0,0.0,
2935.4677338669335,528.384192096048,0.20318646970832638,0.12883088964279324,94.27545377913863,20318.646970832637,12883.088964279325,9427.545377913862,0.0,0.0,
2937.468734367184,528.7443721860931,0.2031864853916087,0.12883099821217486,94.27546655942065,20318.64853916087,12883.099821217485,9427.546655942066,0.0,0.0,
2939.469734867434,529.1045522761381,0.2031865101326006,0.12883110662136668,94.27548355213419,20318.65101326006,12883.110662136669,9427.54835521342,0.0,0.0,
2941.470735367684,529.4647323661831,0.20318654329554994,0.12883121282261523,94.27550435782574,20318.654329554993,12883.121282261523,9427.550435782574,0.0,0.0,
2943.471735867934,529.8249124562282,0.20318658409716403,0.1288313148478515,94.27552851231458,20318.6584097164,12883.131484785152,9427.552851231458,0.0,0.0,
2945.472736368184,530.1850925462732,0.20318663162415887,0.1288314108444448,94.27555549666785,20318.663162415887,12883.14108444448,9427.555549666786,0.0,0.0,
2947.4737368684346,530.5452726363183,0.20318668485294206,0.12883149910811065,94.27558474802936,20318.668485294205,12883.149910811066,9427.558474802936,0.0,0.0,
2949.4747373686846,530.9054527263633,0.2031867426710185,0.12883157811240403,94.27561567108415,20318.67426710185,12883.157811240404,9427.561567108416,0.0,0.0,
2951.4757378689346,531.2656328164082,0.20318680389968075,0.12883164653430212,94.27564764991664,20318.680389968074,12883.164653430213,9427.564764991663,0.0,0.0,
2953.4767383691847,531.6258129064532,0.20318686731753274,0.12883170327546564,94.2756800600483,20318.686731753274,12883.170327546564,9427.56800600483,0.0,0.0,
2955.477738869435,531.9859929964983,0.20318693168438473,0.12883174747885565,94.27571228040188,20318.693168438473,12883.174747885565,9427.571228040188,0.0,0.0,
2957.478739369685,532.3461730865433,0.20318699576506172,0.12883177854047853,94.27574370499494,20318.699576506173,12883.177854047854,9427.574370499493,0.0,0.0,
2959.479739869935,532.7063531765883,0.20318705835267617,0.12883179611612627,94.27577375411904,20318.705835267618,12883.179611612628,9427.577375411904,0.0,0.0,
2961.4807403701852,533.0665332666333,0.20318711829093464,0.1288318001230772,94.27580188481825,20318.711829093463,12883.180012307721,9427.580188481825,0.0,0.0,
2963.4817408704353,533.4267133566783,0.20318717449507423,0.12883179073681877,94.27582760048395,20318.71744950742,12883.179073681877,9427.582760048395,0.0,0.0,
2965.4827413706857,533.7868934467234,0.20318722597105826,0.12883176838294602,94.27585045938916,20318.722597105825,12883.176838294603,9427.585045938917,0.0,0.0,
2967.483741870936,534.1470735367684,0.20318727183270013,0.1288317337244787,94.27587008202593,20318.727183270013,12883.17337244787,9427.587008202594,0.0,0.0,
2969.484742371186,534.5072536268134,0.2031873113164301,0.1288316876449216,94.27588615713418,20318.73113164301,12883.168764492159,9427.588615713417,0.0,0.0,
2971.485742871436,534.8674337168584,0.20318734379346848,0.12883163122746752,94.27589844632644,20318.734379346846,12883.163122746751,9427.589844632643,0.0,0.0,
2973.486743371686,535.2276138069035,0.203187368779224,0.1288315657308078,94.2759067872482,20318.736877922398,12883.156573080782,9427.59067872482,0.0,0.0,
2975.4877438719363,535.5877938969485,0.2031873859397903,0.12883149256207097,94.27591109523807,20318.73859397903,12883.149256207096,9427.591109523808,0.0,0.0,
2977.4887443721864,535.9479739869935,0.20318739509547168,0.1288314132474544,94.27591136349433,20318.73950954717,12883.14132474544,9427.591136349432,0.0,0.0,
2979.4897448724364,536.3081540770386,0.20318739622132595,0.12883132940114786,94.27590766175815,20318.739622132594,12883.132940114787,9427.590766175816,0.0,0.0,
2981.4907453726864,536.6683341670836,0.2031873894447703,0.1288312426931679,94.27590013358025,20318.73894447703,12883.12426931679,9427.590013358025,0.0,0.0,
2983.491745872937,537.0285142571287,0.20318737504034867,0.12883115481673252,94.27588899223392,20318.737504034867,12883.115481673252,9427.588899223392,0.0,0.0,
2985.492746373187,537.3886943471737,0.20318735342181357,0.12883106745580103,94.27587451539242,20318.735342181357,12883.106745580102,9427.587451539242,0.0,0.0,
2987.493746873437,537.7488744372187,0.20318732513172058,0.12883098225339065,94.27585703868266,20318.732513172057,12883.098225339065,9427.585703868266,0.0,0.0,
2989.494747373687,538.1090545272637,0.20318729082877957,0.12883090078125484,94.27583694826205,20318.729082877955,12883.090078125484,9427.583694826206,0.0,0.0,
2991.495747873937,538.4692346173086,0.20318725127324258,0.1288308245114712,94.27581467257914,20318.72512732426,12883.08245114712,9427.581467257914,0.0,0.0,
2993.4967483741875,538.8294147073537,0.20318720731064166,0.12883075479044162,94.27579067348445,20318.720731064164,12883.075479044162,9427.579067348444,0.0,0.0,
2995.4977488744375,539.1895947973987,0.2031871598542151,0.12883069281575135,94.27576543687582,20318.71598542151,12883.069281575135,9427.57654368758,0.0,0.0,
2997.4987493746876,539.5497748874437,0.2031871098663778,0.1288306396162718,94.27573946306048,20318.71098663778,12883.06396162718,9427.573946306047,0.0,0.0,
2999.4997498749376,539.9099549774887,0.2031870583396053,0.12883059603582342,94.27571325702252,20318.70583396053,12883.059603582342,9427.57132570225,0.0,0.0,
3001.5007503751876,540.2701350675337,0.20318700627710282,0.1288305627206417,94.27568731879227,20318.70062771028,12883.05627206417,9427.568731879226,0.0,0.0,
3003.501750875438,540.6303151575788,0.20318695467362977,0.12883054011081277,94.2756621340664,20318.695467362977,12883.054011081276,9427.566213406639,0.0,0.0,
3005.502751375688,540.9904952476238,0.20318690449683893,0.12883052843576687,94.27563816529681,20318.690449683894,12883.052843576686,9427.56381652968,0.0,0.0,
3007.503751875938,541.3506753376688,0.203186856669474,0.12883052771384043,94.27561584336604,20318.6856669474,12883.052771384044,9427.561584336603,0.0,0.0,
3009.504752376188,541.7108554277139,0.20318681205274677,0.1288305377558386,94.275595560026,20318.68120527468,12883.053775583861,9427.559556002601,0.0,0.0,
3011.5057528764382,542.0710355177589,0.2031867714311858,0.12883055817245787,94.27557766121141,20318.67714311858,12883.055817245786,9427.557766121141,0.0,0.0,
3013.5067533766887,542.431215607804,0.2031867354992161,0.12883058838535588,94.2755624413407,20318.67354992161,12883.058838535588,9427.55624413407,0.0,0.0,
3015.5077538769388,542.791395697849,0.20318670484969228,0.12883062764159228,94.2755501387067,20318.67048496923,12883.06276415923,9427.555013870671,0.0,0.0,
3017.508754377189,543.151575787894,0.20318667996456477,0.12883067503110468,94.27554093200318,20318.667996456476,12883.067503110467,9427.554093200319,0.0,0.0,
3019.509754877439,543.511755877939,0.20318666120781723,0.12883072950683278,94.27553493805519,20318.666120781723,12883.072950683278,9427.553493805519,0.0,0.0,
3021.5107553776893,543.8719359679841,0.2031866488207659,0.12883078990706168,94.27553221074456,20318.66488207659,12883.078990706168,9427.553221074455,0.0,0.0,
3023.5117558779393,544.2321160580291,0.20318664291976632,0.12883085497952002,94.2755327411667,20318.66429197663,12883.085497952,9427.55327411667,0.0,0.0,
3025.5127563781894,544.5922961480741,0.20318664349632665,0.1288309234067448,94.27553645895703,20318.664349632665,12883.092340674479,9427.553645895703,0.0,0.0,
3027.5137568784394,544.9524762381191,0.20318665041958012,0.1288309938322099,94.27554323475884,20318.66504195801,12883.09938322099,9427.554323475884,0.0,0.0,
3029.5147573786894,545.312656328164,0.20318666344102684,0.12883106488670995,94.27555288376787,20318.666344102683,12883.106488670996,9427.555288376787,0.0,0.0,
3031.51575787894,545.6728364182092,0.20318668220141262,0.1288311352144953,94.2755651702473,20318.668220141262,12883.11352144953,9427.55651702473,0.0,0.0,
3033.51675837919,546.0330165082541,0.20318670623957596,0.1288312034986686,94.27557981293849,20318.670623957598,12883.120349866862,9427.557981293849,0.0,0.0,
3035.51775887944,546.3931965982991,0.20318673500305853,0.12883126848537677,94.27559649121595,20318.673500305853,12883.126848537677,9427.559649121595,0.0,0.0,
3037.51875937969,546.7533766883441,0.20318676786024634,0.12883132900636193,94.2756148518898,20318.676786024633,12883.132900636194,9427.56148518898,0.0,0.0,
3039.51975987994,547.1135567783892,0.20318680411378345,0.12883138399947636,94.275634516483,20318.680411378344,12883.138399947635,9427.563451648299,0.0,0.0,
3041.5207603801905,547.4737368684342,0.20318684301498113,0.12883143252680965,94.27565508886164,20318.684301498113,12883.143252680964,9427.565508886164,0.0,0.0,
3043.5217608804405,547.8339169584792,0.20318688377893074,0.12883147379013069,94.2756761630586,20318.688377893075,12883.147379013068,9427.56761630586,0.0,0.0,
3045.5227613806906,548.1940970485243,0.2031869256000225,0.1288315071434011,94.275697331128,20318.692560002248,12883.15071434011,9427.5697331128,0.0,0.0,
3047.5237618809406,548.5542771385693,0.20318696766756825,0.12883153210217826,94.2757181909064,20318.696766756824,12883.153210217826,9427.571819090641,0.0,0.0,
3049.5247623811906,548.9144572286143,0.20318700918123092,0.1288315483497869,94.27573835350692,20318.700918123093,12883.154834978692,9427.573835350693,0.0,0.0,
3051.525762881441,549.2746373186594,0.2031870493659726,0.12883155574020308,94.27575745043616,20318.70493659726,12883.155574020308,9427.575745043616,0.0,0.0,
3053.526763381691,549.6348174087044,0.20318708748624725,0.12883155429765616,94.27577514017914,20318.708748624726,12883.155429765617,9427.577514017914,0.0,0.0,
3055.527763881941,549.9949974987494,0.20318712285918333,0.12883154421301768,94.27579111416745,20318.712285918333,12883.154421301768,9427.579111416744,0.0,0.0,
3057.528764382191,550.3551775887944,0.2031871548665263,0.12883152583710447,94.27580510200359,20318.71548665263,12883.152583710447,9427.58051020036,0.0,0.0,
3059.5297648824417,550.7153576788395,0.2031871829651371,0.12883149967108024,94.27581687586766,20318.71829651371,12883.149967108024,9427.581687586766,0.0,0.0,
3061.5307653826917,551.0755377688845,0.20318720669587545,0.12883146635419046,94.27582625404143,20318.720669587547,12883.146635419045,9427.582625404144,0.0,0.0,
3063.5317658829417,551.4357178589295,0.20318722569072972,0.12883142664911248,94.27583310348898,20318.722569072972,12883.142664911249,9427.583310348899,0.0,0.0,
3065.5327663831918,551.7958979489745,0.20318723967809083,0.128831381425242,94.27583734147323,20318.72396780908,12883.1381425242,9427.583734147323,0.0,0.0,
3067.533766883442,552.1560780390195,0.20318724848610467,0.12883133164026997,94.2758389361914,20318.724848610465,12883.133164026996,9427.583893619141,0.0,0.0,
3069.5347673836923,552.5162581290646,0.2031872520440756,0.12883127832043104,94.2758379064302,20318.725204407558,12883.127832043103,9427.58379064302,0.0,0.0,
3071.5357678839423,552.8764382191096,0.20318725038193017,0.12883122253982066,94.27583432027289,20318.725038193017,12883.122253982066,9427.58343202729,0.0,0.0,
3073.5367683841923,553.2366183091546,0.20318724362778753,0.1288311653991904,94.27582829290291,20318.724362778754,12883.11653991904,9427.582829290292,0.0,0.0,
3075.5377688844424,553.5967983991997,0.20318723200371708,0.12883110800463138,94.27581998354977,20318.723200371707,12883.110800463139,9427.581998354977,0.0,0.0,
3077.5387693846924,553.9569784892446,0.20318721581979754,0.12883105144655196,94.27580959165878,20318.721581979753,12883.105144655196,9427.580959165878,0.0,0.0,
3079.539769884943,554.3171585792896,0.20318719546662145,0.12883099677934146,94.27579735237809,20318.719546662145,12883.099677934146,9427.579735237809,0.0,0.0,
3081.540770385193,554.6773386693347,0.2031871714064152,0.12883094500209188,94.2757835314477,20318.717140641522,12883.094500209188,9427.57835314477,0.0,0.0,
3083.541770885443,555.0375187593797,0.20318714416296846,0.12883089704072306,94.27576841960202,20318.714416296847,12883.089704072307,9427.5768419602,0.0,0.0,
3085.542771385693,555.3976988494247,0.2031871143105859,0.12883085373182265,94.27575232661333,20318.71143105859,12883.085373182264,9427.575232661333,0.0,0.0,
3087.543771885943,555.7578789394697,0.2031870824622876,0.1288308158084758,94.27573557507593,20318.708246228758,12883.08158084758,9427.573557507592,0.0,0.0,
3089.5447723861935,556.1180590295148,0.2031870492574958,0.12883078388831506,94.27571849406668,20318.704925749582,12883.078388831507,9427.571849406668,0.0,0.0,
3091.5457728864435,556.4782391195598,0.20318701534945055,0.12883075846397526,94.27570141279888,20318.701534945056,12883.075846397527,9427.570141279888,0.0,0.0,
3093.5467733866935,556.8384192096048,0.2031869813925966,0.12883073989609015,94.27568465439639,20318.69813925966,12883.073989609014,9427.56846543964,0.0,0.0,
3095.5477738869436,557.1985992996498,0.2031869480301815,0.1288307284089152,94.27566852988825,20318.694803018152,12883.072840891522,9427.566852988824,0.0,0.0,
3097.548774387194,557.5587793896949,0.2031869158822951,0.12883072408861174,94.27565333255369,20318.69158822951,12883.072408861173,9427.565333255368,0.0,0.0,
3099.549774887444,557.9189594797399,0.20318688553456848,0.1288307268841744,94.27563933270062,20318.68855345685,12883.07268841744,9427.563933270063,0.0,0.0,
3101.550775387694,558.2791395697849,0.20318685752773438,0.12883073661093666,94.27562677298049,20318.68575277344,12883.073661093666,9427.562677298049,0.0,0.0,
3103.551775887944,558.6393196598299,0.20318683234822993,0.1288307529565391,94.27561586430686,20318.683234822995,12883.075295653909,9427.561586430686,0.0,0.0,
3105.552776388194,558.9994997498749,0.2031868104200005,0.12883077548920305,94.27560678245456,20318.68104200005,12883.077548920304,9427.560678245456,0.0,0.0,
3107.5537768884446,559.35967983992,0.2031867920976378,0.12883080366810973,94.27559966538946,20318.67920976378,12883.080366810973,9427.559966538947,0.0,0.0,
3109.5547773886947,559.719859929965,0.20318677766095647,0.12883083685564967,94.27559461135418,20318.677766095647,12883.083685564967,9427.559461135417,0.0,0.0,
3111.5557778889447,560.0800400200101,0.2031867673110861,0.12883087433127643,94.27559167774525,20318.676731108608,12883.087433127643,9427.559167774525,0.0,0.0,
3113.5567783891947,560.4402201100551,0.20318676116812356,0.1288309153066722,94.27559088078551,20318.676116812356,12883.091530667221,9427.559088078551,0.0,0.0,
3115.5577788894448,560.8004002001001,0.20318675927036195,0.128830958941915,94.27559219598217,20318.675927036194,12883.095894191501,9427.559219598217,0.0,0.0,
3117.5587793896952,561.1605802901452,0.20318676157508114,0.1288310043623224,94.27559555934134,20318.676157508115,12883.10043623224,9427.559555934135,0.0,0.0,
3119.5597798899453,561.5207603801902,0.20318676796085622,0.12883105067564093,94.27560086930691,20318.676796085623,12883.105067564093,9427.56008693069,0.0,0.0,
3121.5607803901953,561.8809404702351,0.20318677823131176,0.12883109698924974,94.27560798938306,20318.677823131176,12883.109698924975,9427.560798938306,0.0,0.0,
3123.5617808904453,562.2411205602801,0.2031867921202247,0.1288311424270525,94.27561675136302,20318.67921202247,12883.11424270525,9427.561675136301,0.0,0.0,
3125.5627813906954,562.6013006503251,0.20318680929785365,0.12883118614574407,94.27562695909198,20318.680929785365,12883.118614574407,9427.562695909199,0.0,0.0,
3127.563781890946,562.9614807403702,0.20318682937835286,0.12883122735015562,94.27563839270191,20318.682937835285,12883.122735015562,9427.563839270191,0.0,0.0,
3129.564782391196,563.3216608304152,0.2031868519281099,0.12883126530740519,94.27565081320665,20318.68519281099,12883.12653074052,9427.565081320665,0.0,0.0,
3131.565782891446,563.6818409204602,0.2031868764748327,0.1288312993596079,94.27566396737696,20318.687647483268,12883.129935960791,9427.566396737695,0.0,0.0,
3133.566783391696,564.0420210105052,0.20318690251719998,0.12883132893493235,94.27567759279448,20318.69025172,12883.132893493235,9427.567759279447,0.0,0.0,
3135.5677838919464,564.4022011005503,0.20318692953488215,0.12883135355682382,94.27569142298682,20318.692953488215,12883.135355682381,9427.569142298682,0.0,0.0,
3137.5687843921964,564.7623811905953,0.2031869569987361,0.12883137285125518,94.27570519254239,20318.69569987361,12883.137285125518,9427.57051925424,0.0,0.0,
3139.5697848924465,565.1225612806403,0.20318698438097801,0.1288313865519034,94.27571864211114,20318.698438097803,12883.13865519034,9427.571864211115,0.0,0.0,
3141.5707853926965,565.4827413706854,0.20318701116514215,0.12883139450319328,94.27573152320115,20318.701116514214,12883.139450319328,9427.573152320114,0.0,0.0,
3143.5717858929465,565.8429214607304,0.20318703685564102,0.12883139666118928,94.27574360267414,20318.7036855641,12883.139666118928,9427.574360267414,0.0,0.0,
3145.572786393197,566.2031015507754,0.2031870609867535,0.12883139309235925,94.27575466687337,20318.70609867535,12883.139309235925,9427.575466687336,0.0,0.0,
3147.573786893447,566.5632816408205,0.20318708313088163,0.12883138397027247,94.2757645253068,20318.708313088162,12883.138397027247,9427.57645253068,0.0,0.0,
3149.574787393697,566.9234617308655,0.20318710290593356,0.12883136957033292,94.2757730138143,20318.710290593357,12883.136957033292,9427.57730138143,0.0,0.0,
3151.575787893947,567.2836418209105,0.2031871199817083,0.1288313502626834,94.27577999719587,20318.71199817083,12883.135026268339,9427.577999719588,0.0,0.0,
3153.576788394197,567.6438219109555,0.20318713408518138,0.128831326503449,94.27578537122258,20318.71340851814,12883.1326503449,9427.57853712226,0.0,0.0,
3155.5777888944476,568.0040020010006,0.20318714500461035,0.1288312988245164,94.27578906404318,20318.714500461036,12883.129882451642,9427.578906404318,0.0,0.0,
3157.5787893946977,568.3641820910456,0.2031871525924056,0.12883126782206905,94.27579103693658,20318.715259240562,12883.126782206906,9427.579103693659,0.0,0.0,
3159.5797898949477,568.7243621810906,0.20318715676673385,0.12883123414411835,94.27579128443568,20318.715676673386,12883.123414411835,9427.579128443569,0.0,0.0,
3161.5807903951977,569.0845422711355,0.2031871575118485,0.12883119847728572,94.27578983381149,20318.71575118485,12883.119847728572,9427.578983381149,0.0,0.0,
3163.5817908954477,569.4447223611805,0.20318715487716343,0.12883116153309876,94.27578674395667,20318.715487716345,12883.116153309877,9427.578674395667,0.0,0.0,
3165.582791395698,569.8049024512256,0.20318714897511164,0.12883112403407024,94.27578210367605,20318.714897511163,12883.112403407024,9427.578210367605,0.0,0.0,
3167.5837918959483,570.1650825412706,0.20318713997785107,0.12883108669982715,94.27577602946353,20318.713997785107,12883.108669982716,9427.577602946352,0.0,0.0,
3169.5847923961983,570.5252626313156,0.20318712811290185,0.1288310502335513,94.27576866277865,20318.712811290185,12883.105023355129,9427.576866277865,0.0,0.0,
3171.5857928964483,570.8854427213606,0.20318711365781705,0.12883101530898206,94.27576016690948,20318.711365781706,12883.101530898206,9427.576016690948,0.0,0.0,
3173.586793396699,571.2456228114057,0.20318709693400577,0.12883098255821696,94.27575072348095,20318.70969340058,12883.098255821695,9427.575072348096,0.0,0.0,
3175.587793896949,571.6058029014507,0.20318707829984084,0.12883095256052596,94.27574052867911,20318.707829984083,12883.095256052597,9427.57405286791,0.0,0.0,
3177.588794397199,571.9659829914958,0.2031870581431951,0.12883092583237218,94.27572978926806,20318.70581431951,12883.092583237218,9427.572978926806,0.0,0.0,
3179.589794897449,572.3261630815408,0.2031870368735579,0.1288309028188055,94.27571871848737,20318.70368735579,12883.09028188055,9427.571871848737,0.0,0.0,
3181.590795397699,572.6863431715858,0.2031870149138887,0.1288308838863665,94.27570753189411,20318.70149138887,12883.088388636648,9427.570753189411,0.0,0.0,
3183.5917958979494,573.0465232616309,0.2031869926923666,0.12883086931760696,94.27569644324431,20318.69926923666,12883.086931760696,9427.56964432443,0.0,0.0,
3185.5927963981994,573.4067033516759,0.20318697063419397,0.12883085930730068,94.27568566048149,20318.697063419397,12883.085930730067,9427.568566048149,0.0,0.0,
3187.5937968984495,573.7668834417209,0.20318694915360852,0.12883085396038468,94.27567538191394,20318.69491536085,12883.085396038468,9427.567538191393,0.0,0.0,
3189.5947973986995,574.1270635317659,0.20318692864625038,0.12883085329163807,94.27566579263708,20318.692864625038,12883.085329163807,9427.566579263708,0.0,0.0,
3191.5957978989495,574.4872436218109,0.20318690948202245,0.12883085722707227,94.27565706128021,20318.690948202246,12883.085722707227,9427.565706128022,0.0,0.0,
3193.5967983992,574.847423711856,0.20318689199856965,0.12883086560697438,94.27564933712252,20318.689199856966,12883.086560697438,9427.564933712252,0.0,0.0,
3195.59779889945,575.207603801901,0.20318687649548972,0.12883087819051622,94.27564274762288,20318.68764954897,12883.087819051623,9427.564274762288,0.0,0.0,
3197.5987993997,575.567783891946,0.2031868632293702,0.12883089466181208,94.27563739642063,20318.68632293702,12883.089466181207,9427.563739642064,0.0,0.0,
3199.59979989995,575.927963981991,0.2031868524097314,0.1288309146372838,94.27563336180641,20318.68524097314,12883.09146372838,9427.563336180641,0.0,0.0,
3201.6008004002006,576.2881440720361,0.2031868441959346,0.12883093767417061,94.2756306957171,20318.68441959346,12883.093767417062,9427.56306957171,0.0,0.0,
3203.6018009004506,576.648324162081,0.20318683869509666,0.12883096328000038,94.27562942324255,20318.683869509667,12883.096328000038,9427.562942324255,0.0,0.0,
3205.6028014007006,577.008504252126,0.20318683596103104,0.12883099092282602,94.27562954264444,20318.683596103103,12883.099092282602,9427.562954264444,0.0,0.0,
3207.6038019009507,577.3686843421712,0.20318683599421708,0.12883102004201888,94.27563102588687,20318.683599421707,12883.102004201888,9427.563102588687,0.0,0.0,
3209.6048024012007,577.7288644322161,0.20318683874277862,0.12883105005940498,94.2756338196536,20318.683874277864,12883.105005940499,9427.563381965361,0.0,0.0,
3211.605802901451,578.0890445222611,0.20318684410443494,0.12883108039052701,94.27563784682599,20318.684410443493,12883.108039052702,9427.5637846826,0.0,0.0,
3213.606803401701,578.4492246123062,0.20318685192936892,0.12883111045581636,94.27564300838324,20318.685192936893,12883.111045581636,9427.564300838325,0.0,0.0,
3215.6078039019512,578.8094047023512,0.20318686202394146,0.12883113969146603,94.27564918567693,20318.686202394147,12883.113969146603,9427.564918567692,0.0,0.0,
3217.6088044022013,579.1695847923962,0.20318687415516587,0.1288311675598041,94.27565624304525,20318.687415516586,12883.116755980409,9427.565624304525,0.0,0.0,
3219.6098049024513,579.5297648824412,0.20318688805584392,0.12883119355898043,94.27566403068721,20318.688805584392,12883.119355898043,9427.56640306872,0.0,0.0,
3221.6108054027018,579.8899449724863,0.2031869034302539,0.12883121723179683,94.27567238776413,20318.690343025388,12883.121723179684,9427.567238776413,0.0,0.0,
3223.611805902952,580.2501250625313,0.2031869199602727,0.1288312381735286,94.27568114564492,20318.691996027268,12883.12381735286,9427.568114564492,0.0,0.0,
3225.612806403202,580.6103051525763,0.20318693731180856,0.12883125603860884,94.27569013123585,20318.693731180858,12883.125603860884,9427.569013123584,0.0,0.0,
3227.613806903452,580.9704852426213,0.20318695514141671,0.1288312705460701,94.27569917034558,20318.695514141673,12883.12705460701,9427.569917034558,0.0,0.0,
3229.614807403702,581.3306653326663,0.20318697310296924,0.12883128148366282,94.27570809099453,20318.697310296924,12883.128148366282,9427.570809099452,0.0,0.0,
3231.6158079039524,581.6908454227114,0.2031869908542525,0.12883128871059793,94.27571672662795,20318.69908542525,12883.128871059793,9427.571672662794,0.0,0.0,
3233.6168084042024,582.0510255127564,0.203187008063368,0.12883129215888664,94.27572491916871,20318.7008063368,12883.129215888664,9427.572491916872,0.0,0.0,
3235.6178089044524,582.4112056028014,0.20318702441481976,0.12883129183327843,94.27573252184861,20318.702441481975,12883.129183327843,9427.57325218486,0.0,0.0,
3237.6188094047025,582.7713856928464,0.20318703961517873,0.12883128780982422,94.27573940177552,20318.703961517873,12883.128780982423,9427.573940177552,0.0,0.0,
3239.619809904953,583.1315657828915,0.20318705339822485,0.12883128023311716,94.27574544218807,20318.705339822485,12883.128023311716,9427.574544218807,0.0,0.0,
3241.620810405203,583.4917458729365,0.20318706552947896,0.12883126931228794,94.2757505443717,20318.706552947897,12883.126931228795,9427.57505443717,0.0,0.0,
3243.621810905453,583.8519259629816,0.20318707581005063,0.12883125531585374,94.27575462918733,20318.707581005063,12883.125531585374,9427.575462918734,0.0,0.0,
3245.622811405703,584.2121060530266,0.20318708407974143,0.12883123856553869,94.27575763820417,20318.708407974143,12883.123856553868,9427.575763820418,0.0,0.0,
3247.623811905953,584.5722861430716,0.20318709021935868,0.12883121942920256,94.27575953442688,20318.70902193587,12883.121942920256,9427.575953442689,0.0,0.0,
3249.6248124062035,584.9324662331167,0.20318709415221078,0.12883119831302775,94.27576030259351,20318.709415221078,12883.119831302774,9427.576030259352,0.0,0.0,
3251.6258129064536,585.2926463231616,0.20318709584477082,0.1288311756531258,94.2757599490656,20318.70958447708,12883.11756531258,9427.57599490656,0.0,0.0,
3253.6268134067036,585.6528264132066,0.2031870953065115,0.1288311519067333,94.27575850130233,20318.70953065115,12883.11519067333,9427.575850130233,0.0,0.0,
3255.6278139069536,586.0130065032516,0.2031870925889293,0.1288311275431714,94.27575600695765,20318.70925889293,12883.112754317139,9427.575600695765,0.0,0.0,
3257.6288144072037,586.3731865932966,0.20318708778379227,0.12883110303474382,94.27575253259637,20318.708778379227,12883.110303474383,9427.575253259638,0.0,0.0,
3259.629814907454,586.7333666833417,0.20318708102065824,0.1288310788477475,94.27574816209224,20318.708102065826,12883.10788477475,9427.574816209224,0.0,0.0,
3261.630815407704,587.0935467733867,0.20318707246372406,0.128831055433763,94.27574299471588,20318.707246372407,12883.1055433763,9427.57429947159,0.0,0.0,
3263.631815907954,587.4537268634317,0.20318706230807806,0.12883103322138473,94.27573714297489,20318.706230807806,12883.103322138473,9427.573714297489,0.0,0.0,
3265.6328164082042,587.8139069534767,0.20318705077543764,0.12883101260853913,94.27573073023898,20318.705077543764,12883.101260853913,9427.573073023897,0.0,0.0,
3267.6338169084543,588.1740870435217,0.20318703810946184,0.12883099395552536,94.27572388820177,20318.703810946183,12883.099395552535,9427.572388820177,0.0,0.0,
3269.6348174087047,588.5342671335668,0.20318702457073579,0.1288309775788967,94.27571675424323,20318.702457073578,12883.097757889669,9427.571675424324,0.0,0.0,
3271.635817908955,588.8944472236118,0.203187010431528,0.12883096374628256,94.27570946871951,20318.7010431528,12883.096374628256,9427.57094687195,0.0,0.0,
3273.636818409205,589.2546273136569,0.20318699597042353,0.12883095267223216,94.27570217225342,20318.699597042352,12883.095267223216,9427.570217225342,0.0,0.0,
3275.637818909455,589.6148074037019,0.20318698146693723,0.12883094451513893,94.27569500307206,20318.69814669372,12883.094451513893,9427.569500307205,0.0,0.0,
3277.6388194097053,589.9749874937469,0.20318696719620893,0.1288309393752845,94.275688094432,20318.696719620893,12883.09393752845,9427.5688094432,0.0,0.0,
3279.6398199099553,590.335167583792,0.2031869534238801,0.12883093729401787,94.27568157219548,20318.69534238801,12883.093729401788,9427.568157219548,0.0,0.0,
3281.6408204102054,590.695347673837,0.20318694040124446,0.12883093825406466,94.27567555258584,20318.694040124446,12883.093825406466,9427.567555258584,0.0,0.0,
3283.6418209104554,591.055527763882,0.20318692836076033,0.1288309421809397,94.27567014016309,20318.692836076032,12883.094218093971,9427.56701401631,0.0,0.0,
3285.6428214107054,591.415707853927,0.20318691751200205,0.12883094894541552,94.2756654260663,20318.691751200204,12883.094894541553,9427.56654260663,0.0,0.0,
3287.643821910956,591.7758879439721,0.20318690803811953,0.12883095836698052,94.27566148653708,20318.690803811955,12883.095836698052,9427.566148653708,0.0,0.0,
3289.644822411206,592.1360680340171,0.20318690009286292,0.1288309702182036,94.27565838175305,20318.690009286292,12883.097021820362,9427.565838175306,0.0,0.0,
3291.645822911456,592.496248124062,0.2031868937982188,0.1288309842299051,94.27565615498624,20318.68937982188,12883.09842299051,9427.565615498625,0.0,0.0,
3293.646823411706,592.856428214107,0.20318688924269082,0.12883100009702195,94.275654832098,20318.68892426908,12883.100009702195,9427.5654832098,0.0,0.0,
3295.647823911956,593.216608304152,0.20318688648024574,0.12883101748504258,94.27565442137278,20318.688648024574,12883.101748504258,9427.565442137278,0.0,0.0,
3297.6488244122065,593.5767883941971,0.20318688552993197,0.1288310360368805,94.2756549136884,20318.688552993197,12883.10360368805,9427.56549136884,0.0,0.0,
3299.6498249124566,593.9369684842421,0.2031868863761661,0.12883105538004685,94.27565628300714,20318.68863761661,12883.105538004686,9427.565628300714,0.0,0.0,
3301.6508254127066,594.2971485742871,0.20318688896966886,0.1288310751339818,94.27565848718422,20318.688896966887,12883.10751339818,9427.565848718421,0.0,0.0,
3303.6518259129566,594.6573286643321,0.20318689322902153,0.12883109491740297,94.2756614690641,20318.68932290215,12883.109491740297,9427.56614690641,0.0,0.0,
3305.6528264132066,595.0175087543772,0.20318689904280116,0.12883111435553118,94.2756651578364,20318.689904280116,12883.111435553119,9427.56651578364,0.0,0.0,
3307.653826913457,595.3776888444222,0.20318690627224392,0.12883113308705976,94.27566947063205,20318.69062722439,12883.113308705977,9427.566947063206,0.0,0.0,
3309.654827413707,595.7378689344673,0.20318691475437656,0.12883115077073945,94.27567431430982,20318.691475437656,12883.115077073944,9427.567431430982,0.0,0.0,
3311.655827913957,596.0980490245123,0.20318692430554738,0.1288311670914623,94.27567958741454,20318.69243055474,12883.11670914623,9427.567958741454,0.0,0.0,
3313.656828414207,596.4582291145573,0.20318693472528343,0.12883118176573846,94.27568518224348,20318.693472528343,12883.118176573846,9427.568518224347,0.0,0.0,
3315.6578289144577,596.8184092046024,0.20318694580039418,0.12883119454647302,94.27569098700492,20318.694580039417,12883.119454647302,9427.569098700493,0.0,0.0,
3317.6588294147077,597.1785892946474,0.2031869573092398,0.1288312052269665,94.27569688800281,20318.69573092398,12883.12052269665,9427.569688800282,0.0,0.0,
3319.6598299149578,597.5387693846924,0.20318696902608052,0.1288312136440766,94.27570277183113,20318.69690260805,12883.12136440766,9427.570277183113,0.0,0.0,
3321.660830415208,597.8989494747374,0.2031869807254225,0.12883121968049782,94.27570852750453,20318.698072542247,12883.121968049782,9427.570852750454,0.0,0.0,
3323.661830915458,598.2591295647824,0.20318699218627898,0.12883122326613153,94.27571404852044,20318.6992186279,12883.122326613153,9427.571404852044,0.0,0.0,
3325.6628314157083,598.6193096548275,0.20318700319626712,0.1288312243785377,94.27571923478534,20318.70031962671,12883.12243785377,9427.571923478534,0.0,0.0,
3327.6638319159583,598.9794897448725,0.2031870135554662,0.12883122304247693,94.27572399439302,20318.70135554662,12883.122304247694,9427.572399439301,0.0,0.0,
3329.6648324162084,599.3396698349175,0.20318702307996866,0.1288312193285679,94.27572824521,20318.702307996868,12883.12193285679,9427.572824521001,0.0,0.0,
3331.6658329164584,599.6998499249625,0.2031870316050625,0.12883121335110206,94.27573191624748,20318.703160506248,12883.121335110207,9427.573191624748,0.0,0.0,
3333.6668334167084,600.0600300150074,0.20318703898799131,0.12883120526507308,94.27573494880093,20318.703898799133,12883.120526507308,9427.573494880093,0.0,0.0,
3335.667833916959,600.4202101050525,0.20318704511024854,0.1288311952624908,94.27573729732843,20318.704511024855,12883.119526249078,9427.573729732843,0.0,0.0,
3337.668834417209,600.7803901950975,0.2031870498793696,0.1288311835680637,94.27573893007228,20318.704987936962,12883.11835680637,9427.573893007228,0.0,0.0,
3339.669834917459,601.1405702851426,0.2031870532301993,0.12883117043434253,94.27573982940234,20318.70532301993,12883.117043434253,9427.573982940234,0.0,0.0,
3341.670835417709,601.5007503751876,0.20318705512561802,0.12883115613642734,94.27573999189039,20318.705512561803,12883.115613642734,9427.573999189039,0.0,0.0,
3343.671835917959,601.8609304652326,0.20318705555672503,0.1288311409663457,94.2757394281085,20318.705555672503,12883.11409663457,9427.57394281085,0.0,0.0,
3345.6728364182095,602.2211105552777,0.20318705454248415,0.12883112522721538,94.27573816217013,20318.705454248415,12883.112522721538,9427.573816217013,0.0,0.0,
3347.6738369184595,602.5812906453227,0.2031870521288489,0.1288311092273045,94.27573623102752,20318.70521288489,12883.110922730451,9427.573623102753,0.0,0.0,
3349.6748374187096,602.9414707353677,0.2031870483873935,0.1288310932741053,94.27573368353116,20318.704838739348,12883.10932741053,9427.573368353116,0.0,0.0,
3351.6758379189596,603.3016508254127,0.20318704341348415,0.12883107766853144,94.27573057928463,20318.704341348413,12883.107766853143,9427.573057928463,0.0,0.0,
3353.67683841921,603.6618309154578,0.20318703732403487,0.12883106269934783,94.27572698732257,20318.703732403486,12883.106269934782,9427.572698732258,0.0,0.0,
3355.67783891946,604.0220110055028,0.20318703025489632,0.12883104863793307,94.27572298462164,20318.70302548963,12883.104863793307,9427.572298462164,0.0,0.0,
3357.67883941971,604.3821910955478,0.20318702235793565,0.12883103573346802,94.27571865450773,20318.702235793564,12883.103573346802,9427.571865450773,0.0,0.0,
3359.67983991996,604.7423711855928,0.2031870137978668,0.12883102420863318,94.27571408495471,20318.70137978668,12883.102420863319,9427.57140849547,0.0,0.0,
3361.68084042021,605.1025512756378,0.2031870047488971,0.1288310142558874,94.27570936683722,20318.70047488971,12883.101425588738,9427.570936683722,0.0,0.0,
3363.6818409204607,605.4627313656829,0.2031869953912556,0.1288310060343866,94.2757045921557,20318.69953912556,12883.100603438661,9427.57045921557,0.0,0.0,
3365.6828414207107,605.8229114557279,0.2031869859076727,0.12883099966759015,94.27569985227952,20318.69859076727,12883.099966759015,9427.569985227952,0.0,0.0,
3367.6838419209607,606.1830915457729,0.20318697647987694,0.1288309952415866,94.27569523622466,20318.697647987694,12883.099524158659,9427.569523622466,0.0,0.0,
3369.6848424212108,606.5432716358179,0.20318696728517596,0.12883099280415714,94.27569082901911,20318.696728517596,12883.099280415714,9427.569082901911,0.0,0.0,
3371.685842921461,606.903451725863,0.2031869584931844,0.12883099236458131,94.27568671016284,20318.69584931844,12883.09923645813,9427.568671016284,0.0,0.0,
3373.6868434217113,607.263631815908,0.2031869502627578,0.12883099389417452,94.27568295222987,20318.69502627578,12883.099389417452,9427.568295222987,0.0,0.0,
3375.6878439219613,607.6238119059531,0.2031869427391868,0.1288309973275337,94.2756796196228,20318.69427391868,12883.09973275337,9427.56796196228,0.0,0.0,
3377.6888444222113,607.983991995998,0.2031869360517002,0.12883100256445454,94.27567676750593,20318.69360517002,12883.100256445454,9427.567676750592,0.0,0.0,
3379.6898449224614,608.344172086043,0.2031869303113177,0.12883100947247145,94.27567444093332,20318.69303113177,12883.100947247145,9427.56744409333,0.0,0.0,
3381.6908454227114,608.704352176088,0.2031869256090871,0.12883101788996087,94.27567267418246,20318.692560908712,12883.101788996088,9427.567267418246,0.0,0.0,
3383.691845922962,609.0645322661331,0.20318692201473176,0.1288310276297386,94.2756714903058,20318.692201473175,12883.10276297386,9427.56714903058,0.0,0.0,
3385.692846423212,609.4247123561781,0.2031869195757267,0.128831038483074,94.27567090090325,20318.69195757267,12883.1038483074,9427.567090090324,0.0,0.0,
3387.693846923462,609.7848924462231,0.20318691831681265,0.1288310502240374,94.27567090611572,20318.691831681266,12883.10502240374,9427.567090611572,0.0,0.0,
3389.694847423712,610.1450725362681,0.20318691823994892,0.12883106261409247,94.27567149483205,20318.69182399489,12883.106261409246,9427.567149483206,0.0,0.0,
3391.6958479239624,610.5052526263132,0.20318691932469823,0.12883107540684194,94.27567264510898,20318.691932469825,12883.107540684194,9427.567264510899,0.0,0.0,
3393.6968484242125,610.8654327163582,0.20318692152902829,0.12883108835283405,94.27567432478733,20318.69215290283,12883.108835283405,9427.567432478732,0.0,0.0,
3395.6978489244625,611.2256128064032,0.20318692479050657,0.12883110120433805,94.27567649229172,20318.692479050656,12883.110120433805,9427.567649229171,0.0,0.0,
3397.6988494247125,611.5857928964482,0.20318692902785926,0.12883111371999822,94.2756790975824,20318.692902785926,12883.111371999823,9427.56790975824,0.0,0.0,
3399.6998499249626,611.9459729864932,0.20318693414285763,0.1288311256692818,94.27568208327081,20318.693414285764,12883.11256692818,9427.56820832708,0.0,0.0,
3401.700850425213,612.3061530765383,0.2031869400224901,0.1288311368366391,94.27568538583333,20318.69400224901,12883.11368366391,9427.568538583333,0.0,0.0,
3403.701850925463,612.6663331665833,0.20318694654137381,0.12883114702530366,94.27568893692734,20318.69465413738,12883.114702530365,9427.568893692734,0.0,0.0,
3405.702851425713,613.0265132566284,0.20318695356435548,0.12883115606066645,94.27569266477715,20318.69535643555,12883.115606066645,9427.569266477716,0.0,0.0,
3407.703851925963,613.3866933466734,0.20318696094924915,0.12883116379316858,94.27569649559148,20318.696094924915,12883.116379316858,9427.569649559147,0.0,0.0,
3409.704852426213,613.7468734367184,0.20318696854965584,0.12883117010066655,94.27570035499662,20318.696854965583,12883.117010066655,9427.570035499662,0.0,0.0,
3411.7058529264636,614.1070535267635,0.20318697621781118,0.12883117489023505,94.27570416945815,20318.697621781117,12883.117489023505,9427.570416945815,0.0,0.0,
3413.7068534267137,614.4672336168085,0.20318698380740574,0.1288311780993836,94.27570786765128,20318.698380740574,12883.11780993836,9427.570786765127,0.0,0.0,
3415.7078539269637,614.8274137068535,0.2031869911763257,0.1288311796966753,94.27571138177188,20318.69911763257,12883.11796966753,9427.571138177189,0.0,0.0,
3417.7088544272137,615.1875937968985,0.20318699818926367,0.1288311796817459,94.27571464875433,20318.699818926365,12883.11796817459,9427.571464875433,0.0,0.0,
3419.7098549274638,615.5477738869434,0.203187004720152,0.1288311780847358,94.27571761137656,20318.7004720152,12883.117808473578,9427.571761137657,0.0,0.0,
3421.7108554277143,615.9079539769886,0.20318701065437647,0.12883117496515464,94.27572021923183,20318.701065437646,12883.117496515464,9427.572021923183,0.0,0.0,
3423.7118559279643,616.2681340670335,0.20318701589073235,0.12883117041021175,94.27572242955905,20318.701589073236,12883.117041021174,9427.572242955905,0.0,0.0,
3425.7128564282143,616.6283141570785,0.20318702034309033,0.12883116453265345,94.2757242079083,20318.702034309033,12883.116453265344,9427.57242079083,0.0,0.0,
3427.7138569284643,616.9884942471235,0.20318702394174679,0.12883115746815724,94.2757255286397,20318.702394174677,12883.115746815723,9427.57255286397,0.0,0.0,
3429.714857428715,617.3486743371686,0.20318702663443808,0.12883114937234083,94.2757263752448,20318.702663443808,12883.114937234082,9427.57263752448,0.0,0.0,
3431.715857928965,617.7088544272136,0.20318702838700617,0.1288311404174487,94.27572674048979,20318.702838700618,12883.11404174487,9427.572674048979,0.0,0.0,
3433.716858429215,618.0690345172586,0.20318702918370948,0.1288311307887862,94.27572662637859,20318.70291837095,12883.11307887862,9427.572662637858,0.0,0.0,
3435.717858929465,618.4292146073036,0.20318702902717964,0.12883112068097224,94.27572604395003,20318.702902717963,12883.112068097224,9427.572604395004,0.0,0.0,
3437.718859429715,618.7893946973487,0.2031870279380313,0.1288311102940853,94.27572501289198,20318.70279380313,12883.11102940853,9427.572501289198,0.0,0.0,
3439.7198599299654,619.1495747873937,0.20318702595413932,0.12883109982977736,94.2757235610196,20318.70259541393,12883.109982977736,9427.57235610196,0.0,0.0,
3441.7208604302155,619.5097548774388,0.20318702312960246,0.12883108948743047,94.2757217235886,20318.702312960246,12883.108948743047,9427.57217235886,0.0,0.0,
3443.7218609304655,619.8699349674838,0.20318701953341975,0.12883107946042693,94.27571954249834,20318.701953341973,12883.107946042694,9427.571954249834,0.0,0.0,
3445.7228614307155,620.2301150575288,0.20318701524790908,0.1288310699326025,94.27571706537125,20318.701524790908,12883.10699326025,9427.571706537125,0.0,0.0,
3447.7238619309655,620.5902951475738,0.20318701036690365,0.12883106107494544,94.27571434454947,20318.701036690363,12883.106107494543,9427.571434454947,0.0,0.0,
3449.724862431216,620.9504752376189,0.20318700499376344,0.12883105304260026,94.27571143601389,20318.700499376344,12883.105304260025,9427.57114360139,0.0,0.0,
3451.725862931466,621.3106553276639,0.20318699923924372,0.12883104597222605,94.2757083982597,20318.69992392437,12883.104597222606,9427.57083982597,0.0,0.0,
3453.726863431716,621.6708354177089,0.20318699321926292,0.12883103997975387,94.27570529114611,20318.69932192629,12883.103997975388,9427.570529114611,0.0,0.0,
3455.727863931966,622.0310155077539,0.20318698705261432,0.12883103515857777,94.27570217473,20318.69870526143,12883.103515857778,9427.570217473,0.0,0.0,
3457.728864432216,622.3911955977989,0.20318698085866554,0.12883103157820522,94.27569910813746,20318.698085866556,12883.103157820522,9427.569910813745,0.0,0.0,
3459.7298649324666,622.751375687844,0.20318697475509004,0.12883102928338483,94.27569614845456,20318.697475509005,12883.102928338483,9427.569614845455,0.0,0.0,
3461.7308654327167,623.111555777889,0.20318696885567236,0.1288310282937183,94.27569334968818,20318.696885567235,12883.102829371832,9427.569334968819,0.0,0.0,
3463.7318659329667,623.471735867934,0.20318696326822785,0.1288310286037555,94.27569076180121,20318.696326822785,12883.102860375551,9427.569076180122,0.0,0.0,
3465.7328664332167,623.8319159579789,0.20318695809267368,0.1288310301835614,94.27568842984151,20318.695809267367,12883.10301835614,9427.56884298415,0.0,0.0,
3467.733866933467,624.192096048024,0.20318695341928508,0.12883103297973578,94.27568639318157,20318.69534192851,12883.103297973577,9427.568639318157,0.0,0.0,
3469.734867433717,624.552276138069,0.2031869493271662,0.1288310369168581,94.27568468488057,20318.69493271662,12883.10369168581,9427.568468488058,0.0,0.0,
3471.7358679339673,624.9124562281141,0.2031869458829606,0.1288310418993217,94.27568333117107,20318.69458829606,12883.10418993217,9427.568333117106,0.0,0.0,
3473.7368684342173,625.2726363181591,0.20318694313982147,0.1288310478135165,94.27568235109376,20318.694313982145,12883.10478135165,9427.568235109376,0.0,0.0,
3475.7378689344673,625.6328164082041,0.2031869411366557,0.1288310545303113,94.27568175626753,20318.69411366557,12883.10545303113,9427.568175626753,0.0,0.0,
3477.738869434718,625.9929964982492,0.20318693989765207,0.12883106190778396,94.27568155081191,20318.69398976521,12883.106190778395,9427.568155081191,0.0,0.0,
3479.739869934968,626.3531765882942,0.20318693943209623,0.1288310697941431,94.2756817314004,20318.693943209622,12883.106979414311,9427.56817314004,0.0,0.0,
3481.740870435218,626.7133566783392,0.20318693973447072,0.12883107803078203,94.27568228746908,20318.693973447072,12883.107803078203,9427.568228746908,0.0,0.0,
3483.741870935468,627.0735367683842,0.2031869407848339,0.12883108645540528,94.27568320154526,20318.69407848339,12883.108645540528,9427.568320154527,0.0,0.0,
3485.742871435718,627.4337168584292,0.20318694254946398,0.12883109490516717,94.2756844497059,20318.694254946397,12883.109490516717,9427.568444970591,0.0,0.0,
3487.7438719359684,627.7938969484743,0.20318694498175235,0.12883110321976213,94.27568600215488,20318.694498175235,12883.110321976214,9427.568600215489,0.0,0.0,
3489.7448724362184,628.1540770385193,0.2031869480233238,0.12883111124441035,94.27568782388866,20318.69480233238,12883.111124441035,9427.568782388866,0.0,0.0,
3491.7458729364685,628.5142571285643,0.20318695160535866,0.12883111883268328,94.27568987546046,20318.695160535866,12883.111883268328,9427.568987546047,0.0,0.0,
3493.7468734367185,628.8744372186093,0.20318695565008812,0.12883112584911882,94.27569211380394,20318.695565008813,12883.112584911882,9427.569211380394,0.0,0.0,
3495.747873936969,629.2346173086544,0.20318696007243112,0.12883113217158068,94.2756944931195,20318.69600724311,12883.113217158068,9427.56944931195,0.0,0.0,
3497.748874437219,629.5947973986994,0.20318696478173903,0.1288311376933221,94.27569696578747,20318.696478173904,12883.11376933221,9427.569696578748,0.0,0.0,
3499.749874937469,629.9549774887444,0.20318696968361374,0.12883114232472018,94.2756994833057,20318.696968361375,12883.114232472019,9427.56994833057,0.0,0.0,
3501.750875437719,630.3151575787894,0.20318697468176258,0.12883114599465376,94.27570199721994,20318.69746817626,12883.114599465376,9427.570199721995,0.0,0.0,
3503.751875937969,630.6753376688345,0.2031869796798551,0.12883114865150658,94.27570446004191,20318.69796798551,12883.114865150657,9427.57044600419,0.0,0.0,
3505.7528764382196,631.0355177588795,0.2031869845833458,0.12883115026378217,94.27570682613101,20318.69845833458,12883.115026378216,9427.5706826131,0.0,0.0,
3507.7538769384696,631.3956978489246,0.2031869893012298,0.12883115082032723,94.27570905252071,20318.69893012298,12883.115082032722,9427.57090525207,0.0,0.0,
3509.7548774387196,631.7558779389695,0.20318699374769858,0.12883115033016568,94.27571109968189,20318.699374769858,12883.115033016567,9427.571109968188,0.0,0.0,
3511.7558779389697,632.1160580290145,0.203186997843667,0.12883114882195443,94.27571293220905,20318.6997843667,12883.114882195443,9427.571293220904,0.0,0.0,
3513.7568784392197,632.4762381190595,0.2031870015181448,0.12883114634307766,94.27571451941162,20318.700151814483,12883.114634307765,9427.571451941163,0.0,0.0,
3515.75787893947,632.8364182091046,0.20318700470942966,0.12883114295840353,94.27571583580966,20318.700470942968,12883.114295840352,9427.571583580966,0.0,0.0,
3517.75887943972,633.1965982991496,0.2031870073661021,0.12883113874873353,94.2757168615157,20318.700736610208,12883.113874873354,9427.57168615157,0.0,0.0,
3519.7598799399702,633.5567783891946,0.20318700944780813,0.12883113380897868,94.27571758251156,20318.700944780812,12883.113380897868,9427.571758251157,0.0,0.0,
3521.7608804402203,633.9169584792396,0.2031870109258174,0.12883112824610296,94.27571799080016,20318.70109258174,12883.112824610296,9427.571799080017,0.0,0.0,
3523.7618809404703,634.2771385692846,0.2031870117833514,0.1288311221768767,94.27571808445052,20318.70117833514,12883.11221768767,9427.571808445051,0.0,0.0,
3525.762881440721,634.6373186593297,0.2031870120156797,0.12883111572548608,94.27571786751781,20318.701201567972,12883.111572548609,9427.571786751781,0.0,0.0,
3527.763881940971,634.9974987493747,0.20318701162998618,0.12883110902104647,94.27571734985777,20318.70116299862,12883.110902104647,9427.571734985777,0.0,0.0,
3529.764882441221,635.3576788394197,0.2031870106450124,0.12883110219506883,94.27571654683196,20318.70106450124,12883.110219506883,9427.571654683195,0.0,0.0,
3531.765882941471,635.7178589294647,0.2031870090904892,0.1288310953789277,94.2757154789159,20318.70090904892,12883.10953789277,9427.57154789159,0.0,0.0,
3533.7668834417213,636.0780390195098,0.20318700700637066,0.12883108870137858,94.27571417121608,20318.700700637066,12883.108870137858,9427.571417121608,0.0,0.0,
3535.7678839419714,636.4382191095548,0.20318700444188909,0.1288310822861705,94.27571265291093,20318.700444188908,12883.10822861705,9427.571265291093,0.0,0.0,
3537.7688844422214,636.7983991995999,0.2031870014544517,0.1288310762497983,94.27571095662184,20318.70014544517,12883.107624979832,9427.571095662184,0.0,0.0,
3539.7698849424714,637.1585792896449,0.20318699810840335,0.12883107069943314,94.27570911773293,20318.699810840335,12883.107069943315,9427.570911773293,0.0,0.0,
3541.7708854427215,637.5187593796899,0.20318699447368105,0.12883106573106762,94.27570717366987,20318.699447368104,12883.106573106761,9427.570717366987,0.0,0.0,
3543.771885942972,637.878939469735,0.20318699062438725,0.12883106142790726,94.27570516315627,20318.699062438725,12883.106142790726,9427.570516315627,0.0,0.0,
3545.772886443222,638.23911955978,0.20318698663731086,0.12883105785903332,94.27570312545355,20318.698663731087,12883.105785903332,9427.570312545355,0.0,0.0,
3547.773886943472,638.599299649825,0.20318698259042514,0.12883105507835751,94.27570109961164,20318.698259042514,12883.105507835751,9427.570109961163,0.0,0.0,
3549.774887443722,638.95947973987,0.2031869785613907,0.12883105312388324,94.27569912373414,20318.69785613907,12883.105312388323,9427.569912373414,0.0,0.0,
3551.775887943972,639.3196598299149,0.20318697462609217,0.12883105201728118,94.27569723427118,20318.697462609216,12883.105201728118,9427.569723427117,0.0,0.0,
3553.7768884442225,639.67983991996,0.20318697085723558,0.12883105176378196,94.2756954653641,20318.697085723557,12883.105176378196,9427.56954653641,0.0,0.0,
3555.7778889444726,640.040020010005,0.20318696732303207,0.1288310523523816,94.27569384824106,20318.696732303208,12883.10523523816,9427.569384824106,0.0,0.0,
3557.7788894447226,640.40020010005,0.2031869640859907,0.1288310537563504,94.27569241068387,20318.696408599073,12883.10537563504,9427.569241068388,0.0,0.0,
3559.7798899449726,640.760380190095,0.20318696120184154,0.12883105593402971,94.27569117655867,20318.696120184155,12883.105593402972,9427.569117655867,0.0,0.0,
3561.7808904452227,641.12056028014,0.20318695871860715,0.12883105882989662,94.27569016544496,20318.695871860713,12883.105882989663,9427.569016544496,0.0,0.0,
3563.781890945473,641.4807403701851,0.20318695667583675,0.12883106237587083,94.2756893923375,20318.695667583674,12883.106237587082,9427.56893923375,0.0,0.0,
3565.782891445723,641.8409204602301,0.20318695510401508,0.1288310664928351,94.27568886745316,20318.695510401507,12883.10664928351,9427.568886745315,0.0,0.0,
3567.783891945973,642.2011005502751,0.2031869540241537,0.12883107109233638,94.27568859612495,20318.69540241537,12883.107109233639,9427.568859612495,0.0,0.0,
3569.7848924462232,642.5612806403202,0.20318695344756882,0.12883107607843172,94.27568857878934,20318.69534475688,12883.107607843172,9427.568857878934,0.0,0.0,
3571.7858929464737,642.9214607303652,0.20318695337584694,0.1288310813496421,94.2756888110691,20318.695337584693,12883.10813496421,9427.56888110691,0.0,0.0,
3573.7868934467238,643.2816408204103,0.20318695380099472,0.12883108680097438,94.27568928394936,20318.69538009947,12883.108680097439,9427.568928394936,0.0,0.0,
3575.787893946974,643.6418209104553,0.20318695470576803,0.12883109232597267,94.27568998402798,20318.695470576804,12883.109232597268,9427.568998402798,0.0,0.0,
3577.788894447224,644.0020010005003,0.20318695606416923,0.12883109781875907,94.27569089385503,20318.695606416924,12883.109781875906,9427.569089385503,0.0,0.0,
3579.789894947474,644.3621810905453,0.20318695784210103,0.1288311031760258,94.27569199233413,20318.695784210104,12883.11031760258,9427.569199233412,0.0,0.0,
3581.7908954477243,644.7223611805904,0.20318695999816158,0.12883110829894193,94.27569325519309,20318.69599981616,12883.110829894193,9427.56932551931,0.0,0.0,
3583.7918959479744,645.0825412706354,0.20318696248456286,0.1288311130949398,94.27569465549801,20318.696248456286,12883.111309493981,9427.569465549801,0.0,0.0,
3585.7928964482244,645.4427213606804,0.20318696524815308,0.1288311174793504,94.27569616421506,20318.696524815306,12883.11174793504,9427.569616421506,0.0,0.0,
3587.7938969484744,645.8029014507254,0.20318696823152133,0.1288311213768584,94.27569775079658,20318.69682315213,12883.11213768584,9427.569775079659,0.0,0.0,
3589.7948974487244,646.1630815407703,0.20318697137416242,0.12883112472275388,94.27569938378876,20318.697137416242,12883.112472275388,9427.569938378876,0.0,0.0,
3591.795897948975,646.5232616308155,0.20318697461367896,0.1288311274639599,94.27570103144048,20318.697461367898,12883.11274639599,9427.570103144048,0.0,0.0,
3593.796898449225,646.8834417208604,0.2031869778869964,0.128831129559821,94.27570266231322,20318.697788699643,12883.112955982102,9427.570266231322,0.0,0.0,
3595.797898949475,647.2436218109054,0.20318698113156913,0.12883113098264246,94.27570424586642,20318.698113156912,12883.113098264246,9427.570424586642,0.0,0.0,
3597.798899449725,647.6038019009504,0.20318698428655346,0.12883113171797397,94.27570575302092,20318.698428655345,12883.113171797397,9427.570575302092,0.0,0.0,
3599.799899949975,647.9639819909955,0.20318698729392723,0.12883113176463784,94.27570715668368,20318.698729392723,12883.113176463785,9427.570715668367,0.0,0.0,
3601.8009004502255,648.3241620810405,0.20318699009953517,0.12883113113450514,94.2757084322173,20318.699009953518,12883.113113450514,9427.57084322173,0.0,0.0,
3603.8019009504756,648.6843421710856,0.2031869926540416,0.12883112985203,94.27570955786585,20318.69926540416,12883.112985202999,9427.570955786585,0.0,0.0,
3605.8029014507256,649.0445222611306,0.2031869949137745,0.12883112795355361,94.27571051511252,20318.69949137745,12883.112795355362,9427.571051511251,0.0,0.0,
3607.8039019509756,649.4047023511756,0.20318699684144684,0.12883112548639675,94.27571128896841,20318.699684144685,12883.112548639674,9427.571128896841,0.0,0.0,
3609.804902451226,649.7648824412207,0.2031869984067434,0.1288311225077612,94.27571186818993,20318.69984067434,12883.11225077612,9427.571186818994,0.0,0.0,
3611.805902951476,650.1250625312657,0.2031869995867654,0.12883111908346484,94.27571224542638,20318.699958676538,12883.111908346484,9427.571224542638,0.0,0.0,
3613.806903451726,650.4852426213107,0.20318700036632603,0.12883111528653696,94.27571241728158,20318.700036632603,12883.111528653695,9427.571241728157,0.0,0.0,
3615.807903951976,650.8454227113557,0.2031870007380953,0.12883111119570329,94.27571238430866,20318.70007380953,12883.111119570329,9427.571238430866,0.0,0.0,
3617.808904452226,651.2056028014007,0.20318700070259282,0.1288311068937912,94.27571215092475,20318.70007025928,12883.11068937912,9427.571215092476,0.0,0.0,
3619.8099049524767,651.5657828914458,0.20318700026803277,0.12883110246608698,94.27571172525558,20318.700026803275,12883.110246608698,9427.571172525557,0.0,0.0,
3621.8109054527267,651.9259629814908,0.20318699945002594,0.1288310979986769,94.27571111891481,20318.699945002594,12883.10979986769,9427.57111189148,0.0,0.0,
3623.8119059529768,652.2861430715358,0.2031869982711475,0.12883109357680414,94.27571034671838,20318.69982711475,12883.109357680414,9427.571034671839,0.0,0.0,
3625.812906453227,652.6463231615808,0.20318699676038102,0.12883108928327175,94.27570942634502,20318.6996760381,12883.108928327176,9427.570942634502,0.0,0.0,
3627.813906953477,653.0065032516258,0.2031869949524514,0.12883108519692155,94.27570837794961,20318.699495245142,12883.108519692154,9427.570837794961,0.0,0.0,
3629.8149074537273,653.3666833416709,0.20318699288706174,0.12883108139121593,94.2757072237348,20318.699288706175,12883.108139121594,9427.570722373479,0.0,0.0,
3631.8159079539773,653.7268634317159,0.20318699060805012,0.12883107793294804,94.27570598749352,20318.69906080501,12883.107793294805,9427.570598749353,0.0,0.0,
3633.8169084542274,654.0870435217608,0.20318698816248368,0.12883107488110176,94.27570469413054,20318.69881624837,12883.107488110176,9427.570469413055,0.0,0.0,
3635.8179089544774,654.447223611806,0.20318698559970855,0.12883107228588048,94.27570336917131,20318.698559970853,12883.107228588047,9427.570336917131,0.0,0.0,
3637.8189094547274,654.807403701851,0.20318698297037413,0.1288310701879201,94.27570203826207,20318.698297037412,12883.107018792009,9427.570203826206,0.0,0.0,
3639.819909954978,655.167583791896,0.2031869803254509,0.12883106861769747,94.27570072669093,20318.69803254509,12883.106861769747,9427.570072669092,0.0,0.0,
3641.820910455228,655.527763881941,0.20318697771526031,0.12883106759514218,94.275699458909,20318.697771526033,12883.106759514218,9427.5699458909,0.0,0.0,
3643.821910955478,655.887943971986,0.20318697518853474,0.12883106712945466,94.27569825808709,20318.697518853474,12883.106712945466,9427.569825808709,0.0,0.0,
3645.822911455728,656.248124062031,0.20318697279152528,0.128831067219131,94.27569714570163,20318.69727915253,12883.106721913102,9427.569714570163,0.0,0.0,
3647.8239119559785,656.6083041520761,0.20318697056717255,0.1288310678521897,94.27569614115657,20318.697056717254,12883.10678521897,9427.569614115657,0.0,0.0,
3649.8249124562285,656.9684842421211,0.20318696855435606,0.12883106900659216,94.27569526145706,20318.696855435606,12883.106900659217,9427.569526145706,0.0,0.0,
3651.8259129564785,657.3286643321661,0.20318696678723358,0.12883107065084595,94.2756945209314,20318.696678723358,12883.107065084596,9427.56945209314,0.0,0.0,
3653.8269134567286,657.6888444222111,0.20318696529468275,0.1288310727447757,94.27569393101183,20318.696529468274,12883.10727447757,9427.569393101183,0.0,0.0,
3655.8279139569786,658.0490245122561,0.20318696409985237,0.1288310752404436,94.27569350006641,20318.696409985238,12883.10752404436,9427.56935000664,0.0,0.0,
3657.828914457229,658.4092046023012,0.20318696321983076,0.12883107808320038,94.27569323330484,20318.696321983076,12883.107808320037,9427.569323330483,0.0,0.0,
3659.829914957479,658.7693846923462,0.20318696266543468,0.12883108121284295,94.27569313273236,20318.69626654347,12883.108121284295,9427.569313273236,0.0,0.0,
3661.830915457729,659.1295647823912,0.2031869624411208,0.1288310845648564,94.27569319717284,20318.69624411208,12883.10845648564,9427.569319717284,0.0,0.0,
3663.831915957979,659.4897448724362,0.2031869625450194,0.12883108807171417,94.27569342235132,20318.696254501938,12883.108807171417,9427.569342235132,0.0,0.0,
3665.832916458229,659.8499249624813,0.2031869629690866,0.12883109166421106,94.27569380103166,20318.69629690866,12883.109166421105,9427.569380103167,0.0,0.0,
3667.8339169584797,660.2101050525263,0.20318696369937114,0.1288310952728036,94.2756943232082,20318.696369937115,12883.10952728036,9427.569432320819,0.0,0.0,
3669.8349174587297,660.5702851425714,0.20318696471638747,0.12883109882893173,94.27569497634501,20318.69647163875,12883.109882893174,9427.5694976345,0.0,0.0,
3671.8359179589797,660.9304652326164,0.20318696599558703,0.12883110226629765,94.27569574566131,20318.6965995587,12883.110226629766,9427.56957456613,0.0,0.0,
3673.8369184592298,661.2906453226614,0.20318696750791632,0.12883110552207777,94.27569661445386,20318.69675079163,12883.110552207778,9427.569661445386,0.0,0.0,
3675.83791895948,661.6508254127064,0.2031869692204498,0.12883110853804705,94.27569756444478,20318.69692204498,12883.110853804705,9427.569756444478,0.0,0.0,
3677.8389194597303,662.0110055027515,0.2031869710970846,0.12883111126159513,94.27569857616058,20318.69710970846,12883.111126159512,9427.569857616058,0.0,0.0,
3679.8399199599803,662.3711855927965,0.20318697309928224,0.12883111364661753,94.27569962931985,20318.697309928226,12883.111364661754,9427.569962931984,0.0,0.0,
3681.8409204602303,662.7313656828414,0.2031869751868427,0.1288311156542674,94.27570070323348,20318.69751868427,12883.111565426738,9427.570070323349,0.0,0.0,
3683.8419209604804,663.0915457728864,0.2031869773186958,0.1288311172535558,94.27570177720072,20318.697731869583,12883.11172535558,9427.570177720072,0.0,0.0,
3685.842921460731,663.4517258629315,0.20318697945369407,0.12883111842179257,94.27570283090638,20318.697945369408,12883.111842179256,9427.570283090638,0.0,0.0,
3687.843921960981,663.8119059529765,0.2031869815513925,0.1288311191448617,94.27570384479353,20318.69815513925,12883.11191448617,9427.570384479353,0.0,0.0,
3689.844922461231,664.1720860430215,0.20318698357280074,0.1288311194173296,94.27570480041935,20318.698357280075,12883.111941732961,9427.570480041935,0.0,0.0,
3691.845922961481,664.5322661330665,0.20318698548109368,0.12883111924238727,94.27570568078544,20318.69854810937,12883.111924238727,9427.570568078543,0.0,0.0,
3693.846923461731,664.8924462231115,0.203186987242268,0.12883111863162974,94.27570647063315,20318.6987242268,12883.111863162974,9427.570647063316,0.0,0.0,
3695.8479239619815,665.2526263131566,0.203186988825733,0.12883111760468177,94.27570715669678,20318.6988825733,12883.111760468177,9427.570715669679,0.0,0.0,
3697.8489244622315,665.6128064032016,0.20318699020482617,0.12883111618867726,94.27570772792134,20318.699020482618,12883.111618867726,9427.570772792134,0.0,0.0,
3699.8499249624815,665.9729864932466,0.20318699135724483,0.12883111441760742,94.27570817562813,20318.699135724484,12883.111441760742,9427.570817562813,0.0,0.0,
3701.8509254627315,666.3331665832917,0.20318699226538717,0.12883111233155045,94.27570849363516,20318.699226538716,12883.111233155045,9427.570849363516,0.0,0.0,
3703.8519259629816,666.6933466733367,0.2031869929165983,0.12883110997580072,94.27570867832904,20318.699291659832,12883.110997580072,9427.570867832905,0.0,0.0,
3705.852926463232,667.0535267633818,0.20318699330331788,0.12883110739991543,94.27570872868439,20318.699330331787,12883.110739991544,9427.570872868439,0.0,0.0,
3707.853926963482,667.4137068534268,0.20318699342312882,0.12883110465669817,94.2757086462375,20318.69934231288,12883.110465669817,9427.57086462375,0.0,0.0,
3709.854927463732,667.7738869434718,0.20318699327870784,0.12883110180114002,94.27570843500617,20318.699327870785,12883.110180114001,9427.570843500616,0.0,0.0,
3711.855927963982,668.1340670335168,0.2031869928776804,0.1288310988893387,94.27570810137237,20318.699287768042,12883.109888933868,9427.570810137237,0.0,0.0,
3713.8569284642326,668.4942471235619,0.20318699223238484,0.12883109597741688,94.27570765391302,20318.699223238484,12883.109597741688,9427.570765391301,0.0,0.0,
3715.8579289644827,668.8544272136069,0.20318699135955165,0.12883109312046018,94.27570710320262,20318.699135955165,12883.109312046017,9427.570710320262,0.0,0.0,
3717.8589294647327,669.2146073036519,0.20318699027990572,0.12883109037149434,94.27570646156893,20318.699027990573,12883.109037149434,9427.570646156893,0.0,0.0,
3719.8599299649827,669.5747873936969,0.2031869890177003,0.12883108778052021,94.27570574283415,20318.69890177003,12883.108778052021,9427.570574283414,0.0,0.0,
3721.8609304652327,669.9349674837418,0.2031869876001929,0.12883108539362392,94.27570496202108,20318.69876001929,12883.108539362393,9427.570496202108,0.0,0.0,
3723.861930965483,670.295147573787,0.20318698605707397,0.12883108325217782,94.27570413505076,20318.698605707395,12883.108325217781,9427.570413505076,0.0,0.0,
3725.8629314657333,670.6553276638319,0.2031869844198602,0.1288310813921448,94.2757032784213,20318.69844198602,12883.10813921448,9427.57032784213,0.0,0.0,
3727.8639319659833,671.0155077538769,0.2031869827212646,0.1288310798434985,94.27570240888585,20318.698272126458,12883.10798434985,9427.570240888585,0.0,0.0,
3729.8649324662333,671.3756878439219,0.20318698099455537,0.1288310786297671,94.27570154313267,20318.698099455538,12883.107862976709,9427.570154313267,0.0,0.0,
3731.8659329664833,671.735867933967,0.2031869792729165,0.12883107776770752,94.2757006974683,20318.69792729165,12883.107776770752,9427.57006974683,0.0,0.0,
3733.866933466734,672.096048024012,0.2031869775888215,0.1288310772671141,94.27569988751766,20318.69775888215,12883.10772671141,9427.569988751766,0.0,0.0,
3735.867933966984,672.4562281140571,0.20318697597343222,0.128831077130762,94.27569912794084,20318.69759734322,12883.1077130762,9427.569912794084,0.0,0.0,
3737.868934467234,672.8164082041021,0.2031869744560338,0.1288310773544849,94.27569843217387,20318.69744560338,12883.10773544849,9427.569843217387,0.0,0.0,
3739.869934967484,673.1765882941471,0.20318697306351527,0.1288310779273822,94.27569781219555,20318.697306351525,12883.10779273822,9427.569781219554,0.0,0.0,
3741.870935467734,673.5367683841921,0.20318697181990547,0.12883107883214998,94.27569727833107,20318.69718199055,12883.107883214998,9427.569727833106,0.0,0.0,
3743.8719359679844,673.8969484742372,0.20318697074597147,0.1288310800455272,94.27569683908465,20318.69707459715,12883.108004552721,9427.569683908465,0.0,0.0,
3745.8729364682345,674.2571285642822,0.20318696985888596,0.12883108153884562,94.27569650101196,20318.696985888597,12883.108153884563,9427.569650101197,0.0,0.0,
3747.8739369684845,674.6173086543272,0.20318696917196907,0.12883108327867238,94.27569626863479,20318.696917196907,12883.108327867238,9427.569626863478,0.0,0.0,
3749.8749374687345,674.9774887443722,0.2031869686945078,0.12883108522753076,94.27569614439156,20318.69686945078,12883.108522753075,9427.569614439157,0.0,0.0,
3751.875937968985,675.3376688344173,0.20318696843165499,0.12883108734468401,94.27569612862976,20318.696843165497,12883.108734468402,9427.569612862975,0.0,0.0,
3753.876938469235,675.6978489244623,0.2031869683844084,0.12883108958696624,94.27569621963912,20318.69683844084,12883.108958696623,9427.569621963912,0.0,0.0,
3755.877938969485,676.0580290145073,0.20318696854966875,0.12883109190964392,94.27569641372045,20318.696854966875,12883.109190964393,9427.569641372045,0.0,0.0,
3757.878939469735,676.4182091045523,0.20318696892037436,0.12883109426729125,94.27569670529292,20318.696892037435,12883.109426729125,9427.569670529292,0.0,0.0,
3759.879939969985,676.7783891945973,0.203186969485708,0.12883109661466213,94.27569708703564,20318.6969485708,12883.109661466213,9427.569708703564,0.0,0.0,
3761.8809404702356,677.1385692846424,0.20318697023137108,0.12883109890754285,94.27569755005783,20318.69702313711,12883.109890754286,9427.569755005783,0.0,0.0,
3763.8819409704856,677.4987493746873,0.2031869711399186,0.12883110110356924,94.2756980840959,20318.69711399186,12883.110110356924,9427.56980840959,0.0,0.0,
3765.8829414707357,677.8589294647323,0.20318697219114742,0.1288311031629939,94.27569867773188,20318.697219114743,12883.11031629939,9427.569867773189,0.0,0.0,
3767.8839419709857,678.2191095547774,0.20318697336252955,0.1288311050493895,94.27569931863141,20318.697336252957,12883.11050493895,9427.569931863141,0.0,0.0,
3769.8849424712357,678.5792896448224,0.20318697462968133,0.12883110673027648,94.2756999937979,20318.69746296813,12883.110673027648,9427.56999937979,0.0,0.0,
3771.885942971486,678.9394697348675,0.203186975966859,0.12883110817766433,94.2757006898232,20318.6975966859,12883.110817766432,9427.570068982319,0.0,0.0,
3773.8869434717362,679.2996498249125,0.20318697734747102,0.12883110936849787,94.27570139315529,20318.6977347471,12883.110936849787,9427.570139315529,0.0,0.0,
3775.8879439719863,679.6598299149575,0.20318697874459665,0.128831110285002,94.27570209035477,20318.697874459664,12883.1110285002,9427.570209035477,0.0,0.0,
3777.8889444722363,680.0200100050025,0.2031869801315013,0.12883111091492014,94.27570276834606,20318.69801315013,12883.111091492014,9427.570276834607,0.0,0.0,
3779.8899449724863,680.3801900950475,0.20318698148213887,0.128831111251644,94.27570341466016,20318.698148213887,12883.111125164402,9427.570341466017,0.0,0.0,
3781.890945472737,680.7403701850926,0.20318698277163172,0.12883111129423383,94.27570401765641,20318.69827716317,12883.111129423383,9427.57040176564,0.0,0.0,
3783.891945972987,681.1005502751376,0.2031869839767195,0.12883111104733116,94.27570456673051,20318.69839767195,12883.111104733116,9427.570456673051,0.0,0.0,
3785.892946473237,681.4607303651826,0.20318698507616928,0.128831110520968,94.27570505249592,20318.69850761693,12883.1110520968,9427.570505249592,0.0,0.0,
3787.893946973487,681.8209104552276,0.20318698605113975,0.1288311097302768,94.27570546693543,20318.698605113976,12883.11097302768,9427.570546693543,0.0,0.0,
3789.8949474737374,682.1810905452727,0.20318698688549322,0.12883110869510997,94.27570580353164,20318.69868854932,12883.110869510996,9427.570580353164,0.0,0.0,
3791.8959479739874,682.5412706353177,0.20318698756605083,0.12883110743957685,94.27570605735738,20318.698756605085,12883.110743957684,9427.570605735738,0.0,0.0,
3793.8969484742374,682.9014507253627,0.20318698808278704,0.12883110599150888,94.2757062251435,20318.698808278703,12883.110599150888,9427.57062251435,0.0,0.0,
3795.8979489744875,683.2616308154077,0.20318698842896096,0.12883110438186418,94.2757063053105,20318.698842896098,12883.110438186419,9427.57063053105,0.0,0.0,
3797.8989494747375,683.6218109054528,0.20318698860118295,0.12883110264408393,94.27570629796435,20318.698860118297,12883.110264408393,9427.570629796435,0.0,0.0,
3799.899949974988,683.9819909954978,0.2031869885994167,0.12883110081341392,94.27570620486482,20318.69885994167,12883.110081341392,9427.570620486482,0.0,0.0,
3801.900950475238,684.3421710855428,0.2031869884269179,0.12883109892620434,94.27570602936127,20318.69884269179,12883.109892620434,9427.570602936128,0.0,0.0,
3803.901950975488,684.7023511755879,0.20318698809011154,0.12883109701920176,94.2757057762999,20318.698809011155,12883.109701920175,9427.570577629991,0.0,0.0,
3805.902951475738,685.0625312656329,0.20318698759841172,0.12883109512884644,94.27570545190302,20318.698759841172,12883.109512884645,9427.570545190301,0.0,0.0,
3807.903951975988,685.4227113556778,0.2031869869639883,0.12883109329058906,94.27570506362925,20318.698696398827,12883.109329058907,9427.570506362925,0.0,0.0,
3809.9049524762386,685.782891445723,0.20318698620148554,0.12883109153823818,94.27570462000631,20318.698620148552,12883.109153823818,9427.57046200063,0.0,0.0,
3811.9059529764886,686.143071535768,0.20318698532769933,0.12883108990335118,94.27570413045129,20318.698532769933,12883.108990335119,9427.570413045129,0.0,0.0,
3813.9069534767386,686.5032516258129,0.20318698436121965,0.128831088414679,94.2757036050746,20318.698436121966,12883.1088414679,9427.57036050746,0.0,0.0,
3815.9079539769887,686.8634317158579,0.20318698332204554,0.12883108709767424,94.27570305447725,20318.698332204556,12883.108709767424,9427.570305447725,0.0,0.0,
3817.9089544772387,687.2236118059029,0.2031869822311808,0.12883108597407078,94.27570248954397,20318.69822311808,12883.108597407077,9427.570248954398,0.0,0.0,
3819.909954977489,687.583791895948,0.20318698111021816,0.12883108506154148,94.27570192122583,20318.698111021815,12883.108506154147,9427.570192122583,0.0,0.0,
3821.910955477739,687.943971985993,0.20318697998091967,0.1288310843734392,94.2757013603359,20318.697998091968,12883.10843734392,9427.57013603359,0.0,0.0,
3823.9119559779892,688.304152076038,0.20318697886480205,0.12883108391862408,94.27570081734659,20318.697886480204,12883.108391862408,9427.570081734659,0.0,0.0,
3825.9129564782393,688.664332166083,0.20318697778273423,0.1288310837013792,94.27570030219789,20318.69777827342,12883.10837013792,9427.57003021979,0.0,0.0,
3827.9139569784898,689.0245122561281,0.2031869767545546,0.12883108372141427,94.27569982411889,20318.69767545546,12883.108372141427,9427.56998241189,0.0,0.0,
3829.91495747874,689.3846923461731,0.2031869757987147,0.12883108397395607,94.27569939146676,20318.69757987147,12883.108397395607,9427.569939146675,0.0,0.0,
3831.91595797899,689.7448724362181,0.20318697493195598,0.12883108444992128,94.27569901158516,20318.6974931956,12883.108444992127,9427.569901158517,0.0,0.0,
3833.91695847924,690.1050525262632,0.20318697416902473,0.12883108513616862,94.27569869068235,20318.697416902472,12883.108513616862,9427.569869068235,0.0,0.0,
3835.91795897949,690.4652326163082,0.20318697352243,0.1288310860158223,94.27569843373576,20318.697352243,12883.10860158223,9427.569843373576,0.0,0.0,
3837.9189594797404,690.8254127063533,0.20318697300224867,0.1288310870686605,94.27569824442244,20318.697300224867,12883.10870686605,9427.569824442244,0.0,0.0,
3839.9199599799904,691.1855927963983,0.20318697261597957,0.12883108827155995,94.27569812507056,20318.697261597958,12883.108827155995,9427.569812507056,0.0,0.0,
3841.9209604802404,691.5457728864433,0.20318697236844954,0.12883108959898684,94.27569807664132,20318.697236844953,12883.108959898684,9427.569807664131,0.0,0.0,
3843.9219609804904,691.9059529764883,0.2031869722617716,0.1288310910235247,94.27569809873908,20318.69722617716,12883.10910235247,9427.569809873909,0.0,0.0,
3845.9229614807405,692.2661330665333,0.20318697229535512,0.12883109251642774,94.2756981896387,20318.69722953551,12883.109251642774,9427.56981896387,0.0,0.0,
3847.923961980991,692.6263131565784,0.20318697246596726,0.12883109404818946,94.2756983463467,20318.697246596726,12883.109404818946,9427.56983463467,0.0,0.0,
3849.924962481241,692.9864932466234,0.20318697276784284,0.1288310955891145,94.27569856467943,20318.697276784285,12883.109558911452,9427.569856467942,0.0,0.0,
3851.925962981491,693.3466733366683,0.20318697319284051,0.12883109710988436,94.27569883936707,20318.697319284052,12883.109710988436,9427.569883936707,0.0,0.0,
3853.926963481741,693.7068534267133,0.2031869737306406,0.12883109858210456,94.27569916416789,20318.69737306406,12883.109858210457,9427.569916416789,0.0,0.0,
3855.927963981991,694.0670335167583,0.20318697436898073,0.12883109997882503,94.27569953200998,20318.697436898074,12883.109997882502,9427.569953200998,0.0,0.0,
3857.9289644822416,694.4272136068034,0.20318697509392378,0.1288311012750229,94.27569993513868,20318.69750939238,12883.11012750229,9427.569993513867,0.0,0.0,
3859.9299649824916,694.7873936968484,0.20318697589015247,0.12883110244804033,94.27570036527463,20318.697589015246,12883.110244804033,9427.570036527462,0.0,0.0,
3861.9309654827416,695.1475737868934,0.2031869767412848,0.12883110347796917,94.27570081378092,20318.69767412848,12883.110347796917,9427.570081378091,0.0,0.0,
3863.9319659829916,695.5077538769385,0.20318697763020346,0.12883110434797673,94.27570127183341,20318.697763020347,12883.110434797672,9427.57012718334,0.0,0.0,
3865.932966483242,695.8679339669835,0.20318697853939346,0.12883110504456724,94.27570173058999,20318.697853939346,12883.110504456725,9427.570173058999,0.0,0.0,
3867.933966983492,696.2281140570285,0.2031869794512807,0.12883110555777524,94.27570218136005,20318.69794512807,12883.110555777524,9427.570218136005,0.0,0.0,
3869.934967483742,696.5882941470736,0.20318698034856544,0.12883110588128882,94.27570261576419,20318.698034856545,12883.110588128882,9427.570261576418,0.0,0.0,
3871.935967983992,696.9484742371186,0.20318698121454465,0.1288311060125014,94.27570302588862,20318.698121454465,12883.110601250139,9427.570302588862,0.0,0.0,
3873.9369684842422,697.3086543271636,0.20318698203341679,0.1288311059524922,94.27570340442342,20318.69820334168,12883.11059524922,9427.570340442342,0.0,0.0,
3875.9379689844927,697.6688344172087,0.20318698279056407,0.12883110570593778,94.27570374479451,20318.698279056407,12883.110570593779,9427.570374479452,0.0,0.0,
3877.9389694847428,698.0290145072537,0.2031869834728071,0.1288311052809569,94.27570404127012,20318.698347280708,12883.110528095689,9427.570404127011,0.0,0.0,
3879.939969984993,698.3891945972987,0.20318698406862737,0.12883110468889306,94.27570428905359,20318.698406862735,12883.110468889305,9427.57042890536,0.0,0.0,
3881.940970485243,698.7493746873437,0.20318698456835463,0.12883110394404046,94.27570448436065,20318.698456835464,12883.110394404046,9427.570448436065,0.0,0.0,
3883.941970985493,699.1095547773887,0.2031869849643154,0.12883110306331869,94.27570462446748,20318.698496431538,12883.110306331868,9427.570462446747,0.0,0.0,
3885.9429714857433,699.4697348674338,0.20318698525094114,0.12883110206590415,94.27570470774802,20318.698525094114,12883.110206590414,9427.570470774803,0.0,0.0,
3887.9439719859934,699.8299149574788,0.20318698542483485,0.12883110097282555,94.2757047336777,20318.698542483486,12883.110097282555,9427.57047336777,0.0,0.0,
3889.9449724862434,700.1900950475238,0.20318698548479475,0.12883109980653187,94.2757047028286,20318.698548479475,12883.109980653187,9427.57047028286,0.0,0.0,
3891.9459729864934,700.5502751375687,0.20318698543179667,0.1288310985904412,94.27570461683516,20318.698543179667,12883.10985904412,9427.570461683516,0.0,0.0,
3893.9469734867434,700.9104552276137,0.20318698526893514,0.12883109734847997,94.2757044783467,20318.698526893513,12883.109734847998,9427.570447834669,0.0,0.0,
3895.947973986994,701.2706353176588,0.20318698500132554,0.12883109610462082,94.27570429095341,20318.698500132552,12883.109610462081,9427.570429095342,0.0,0.0,
3897.948974487244,701.6308154077038,0.20318698463597004,0.12883109488242836,94.27570405910797,20318.698463597004,12883.109488242835,9427.570405910796,0.0,0.0,
3899.949974987494,701.9909954977489,0.20318698418159015,0.12883109370462104,94.27570378801721,20318.698418159016,12883.109370462103,9427.570378801722,0.0,0.0,
3901.950975487744,702.3511755877939,0.2031869836484298,0.12883109259265674,94.27570348353767,20318.69836484298,12883.109259265673,9427.570348353767,0.0,0.0,
3903.9519759879945,702.711355677839,0.2031869830480335,0.12883109156635061,94.27570315204582,20318.69830480335,12883.10915663506,9427.570315204583,0.0,0.0,
3905.9529764882445,703.071535767884,0.2031869823930039,0.12883109064353038,94.27570280031449,20318.69823930039,12883.109064353037,9427.570280031448,0.0,0.0,
3907.9539769884946,703.431715857929,0.20318698169674365,0.128831089839736,94.2757024353701,20318.698169674364,12883.108983973601,9427.570243537011,0.0,0.0,
3909.9549774887446,703.791895947974,0.2031869809731871,0.12883108916796818,94.27570206436245,20318.69809731871,12883.108916796818,9427.570206436245,0.0,0.0,
3911.9559779889946,704.152076038019,0.203186980236527,0.1288310886384893,94.27570169442171,20318.6980236527,12883.10886384893,9427.570169442171,0.0,0.0,
3913.956978489245,704.5122561280641,0.20318697950094103,0.12883108825868006,94.27570133252509,20318.6979500941,12883.108825868007,9427.57013325251,0.0,0.0,
3915.957978989495,704.8724362181091,0.203186978780324,0.12883108803295332,94.27570098536921,20318.6978780324,12883.108803295332,9427.570098536922,0.0,0.0,
3917.958979489745,705.2326163081541,0.20318697808803024,0.12883108796272538,94.2757006592495,20318.697808803023,12883.108796272538,9427.570065924949,0.0,0.0,
3919.959979989995,705.5927963981991,0.20318697743663103,0.12883108804644502,94.27570035994442,20318.697743663102,12883.108804644502,9427.570035994442,0.0,0.0,
3921.960980490245,705.9529764882441,0.20318697683769113,0.12883108827967743,94.27570009261939,20318.697683769115,12883.108827967742,9427.570009261939,0.0,0.0,
3923.9619809904957,706.3131565782892,0.20318697630156893,0.12883108865524173,94.2756998617393,20318.697630156894,12883.108865524173,9427.56998617393,0.0,0.0,
3925.9629814907457,706.6733366683342,0.20318697583724254,0.12883108916339764,94.27569967099738,20318.697583724253,12883.108916339765,9427.569967099738,0.0,0.0,
3927.9639819909958,707.0335167583792,0.20318697545216582,0.128831089792077,94.27569952325771,20318.697545216583,12883.1089792077,9427.569952325772,0.0,0.0,
3929.964982491246,707.3936968484243,0.2031869751521554,0.12883109052715536,94.27569942051734,20318.69751521554,12883.109052715536,9427.569942051734,0.0,0.0,
3931.965982991496,707.7538769384693,0.20318697494131094,0.12883109135275708,94.275699363888,20318.697494131095,12883.109135275708,9427.5699363888,0.0,0.0,
3933.9669834917463,708.1140570285143,0.20318697482196957,0.12883109225158826,94.27569935358609,20318.697482196956,12883.109225158825,9427.56993535861,0.0,0.0,
3935.9679839919963,708.4742371185594,0.20318697479469425,0.12883109320528996,94.27569938894888,20318.697479469425,12883.109320528996,9427.569938894889,0.0,0.0,
3937.9689844922464,708.8344172086043,0.20318697485829584,0.1288310941948053,94.27569946846202,20318.697485829583,12883.109419480528,9427.569946846203,0.0,0.0,
3939.9699849924964,709.1945972986493,0.20318697500988825,0.1288310952007528,94.27569958980314,20318.697500988827,12883.10952007528,9427.569958980313,0.0,0.0,
3941.970985492747,709.5547773886944,0.20318697524497425,0.1288310962037992,94.27569974990256,20318.697524497424,12883.10962037992,9427.569974990256,0.0,0.0,
3943.971985992997,709.9149574787394,0.2031869755575606,0.12883109718502406,94.27569994501371,20318.69755575606,12883.109718502406,9427.569994501371,0.0,0.0,
3945.972986493247,710.2751375687844,0.203186975940299,0.1288310981262701,94.27570017079876,20318.697594029898,12883.109812627012,9427.570017079875,0.0,0.0,
3947.973986993497,710.6353176588294,0.20318697638465016,0.1288310990104727,94.27570042241662,20318.697638465015,12883.109901047272,9427.570042241661,0.0,0.0,
3949.974987493747,710.9954977488744,0.20318697688106743,0.1288310998219623,94.27570069463064,20318.697688106742,12883.10998219623,9427.570069463065,0.0,0.0,
3951.9759879939975,711.3556778389195,0.20318697741919609,0.12883110054673497,94.27570098190878,20318.69774191961,12883.110054673496,9427.570098190878,0.0,0.0,
3953.9769884942475,711.7158579289645,0.20318697798808413,0.12883110117268645,94.27570127853829,20318.697798808415,12883.110117268645,9427.570127853829,0.0,0.0,
3955.9779889944975,712.0760380190095,0.20318697857640053,0.1288311016898061,94.27570157873518,20318.697857640054,12883.110168980611,9427.570157873519,0.0,0.0,
3957.9789894947476,712.4362181090545,0.2031869791726566,0.1288311020903274,94.27570187675344,20318.69791726566,12883.110209032739,9427.570187675345,0.0,0.0,
3959.9799899949976,712.7963981990995,0.20318697976542618,0.12883110236883322,94.27570216699787,20318.69797654262,12883.110236883322,9427.570216699787,0.0,0.0,
3961.980990495248,713.1565782891446,0.20318698034356075,0.1288311025223149,94.27570244412018,20318.698034356075,12883.110252231489,9427.570244412018,0.0,0.0,
3963.981990995498,713.5167583791896,0.2031869808963951,0.12883110255018454,94.27570270312356,20318.698089639507,12883.110255018453,9427.570270312355,0.0,0.0,
3965.982991495748,713.8769384692347,0.20318698141394,0.12883110245424126,94.27570293944109,20318.698141394,12883.110245424126,9427.570293944109,0.0,0.0,
3967.983991995998,714.2371185592797,0.20318698188705894,0.12883110223859293,94.27570314902502,20318.698188705894,12883.110223859292,9427.570314902501,0.0,0.0,
3969.984992496248,714.5972986493247,0.20318698230762489,0.12883110190953573,94.27570332840435,20318.69823076249,12883.110190953574,9427.570332840434,0.0,0.0,
3971.9859929964987,714.9574787393698,0.20318698266865542,0.12883110147539464,94.2757034747453,20318.698266865544,12883.110147539464,9427.57034747453,0.0,0.0,
3973.9869934967487,715.3176588294148,0.20318698296442378,0.12883110094632824,94.2757035858932,20318.698296442377,12883.110094632824,9427.570358589319,0.0,0.0,
3975.9879939969987,715.6778389194598,0.20318698319054365,0.1288311003341026,94.27570366039623,20318.698319054365,12883.110033410261,9427.570366039623,0.0,0.0,
3977.9889944972488,716.0380190095048,0.20318698334402752,0.12883109965183898,94.27570369752304,20318.69833440275,12883.109965183898,9427.570369752304,0.0,0.0,
3979.9899949974993,716.3981990995499,0.20318698342331717,0.12883109891374042,94.27570369726496,20318.698342331718,12883.109891374042,9427.570369726496,0.0,0.0,
3981.9909954977493,716.7583791895948,0.20318698342828687,0.1288310981348033,94.27570366031806,20318.698342828688,12883.10981348033,9427.570366031805,0.0,0.0,
3983.9919959979993,717.1185592796398,0.2031869833602189,0.12883109733051873,94.27570358806017,20318.69833602189,12883.109733051873,9427.570358806017,0.0,0.0,
3985.9929964982493,717.4787393696848,0.20318698322175355,0.12883109651657038,94.27570348251358,20318.698322175354,12883.109651657038,9427.570348251358,0.0,0.0,
3987.9939969984994,717.8389194597298,0.2031869830168139,0.12883109570853424,94.27570334629047,20318.69830168139,12883.109570853423,9427.570334629047,0.0,0.0,
3989.99499749875,718.1990995497749,0.2031869827505077,0.12883109492158604,94.27570318253613,20318.69827505077,12883.109492158605,9427.570318253613,0.0,0.0,
3991.995997999,718.5592796398199,0.20318698242900904,0.12883109417022154,94.27570299485774,20318.698242900904,12883.109417022153,9427.570299485775,0.0,0.0,
3993.99699849925,718.9194597298649,0.20318698205942173,0.12883109346799496,94.27570278724879,20318.69820594217,12883.109346799496,9427.57027872488,0.0,0.0,
3995.9979989995,719.27963981991,0.20318698164962767,0.12883109282727992,94.27570256400607,20318.698164962767,12883.109282727992,9427.570256400606,0.0,0.0,
3997.99899949975,719.639819909955,0.2031869812081233,0.1288310922590574,94.27570232964158,20318.698120812332,12883.109225905739,9427.570232964157,0.0,0.0,
4000.0,720.0,0.2031869807438477,0.12883109177273352,94.27570208879547,20318.69807438477,12883.109177273353,9427.570208879548,0.0,0.0,
